2.4
2.4
2.4
2.6
2.6
2.6
2.6
2.6
2.6
2.6
2.6
2.9
3.0
3.0
3.0
3.0
3.0
3.0
3.0
3.0
3.0
3.5
3.7
3.7
3.8
3.8
3.8
3.8
3.8
3.8
3.8
3.7
3.7
3.7
3.7
3.6
3.6
3.6
4.2
4.0
4.0
4.0
4.0
4.0
4.5
4.4
4.4
4.4
4.4
4.4
4.4
4.4
4.5
4.5
4.5
4.3
4.3
4.3
4.2
4.2
4.2
4.2
4.2
4.2
4.2
4.2
4.2
4.2
4.3
4.3
4.3
4.3
4.4
4.4
4.4
4.4
4.4
4.4
4.4
4.4
4.3
4.3
4.3
4.3
4.3
4.3
4.5
4.5
4.5
4.5
4.5
4.5
4.8
4.8
4.8
4.8
4.8
4.8
4.8
4.8
4.8
4.6
4.6
4.3
4.3
4.3
4.3
4.3
4.3
4.3
4.3
4.3
4.3
4.3
4.3
4.4
4.3
4.4
4.4
4.4
4.5
4.5
4.5
4.6
4.5
4.5
4.5
4.6
4.4
4.4
4.4
4.4
4.4
4.4
4.8
4.6
4.6
4.6
4.6
4.6
4.9
4.9
4.9
4.9
4.9
4.9
4.9
4.9
4.9
4.7
4.7
4.4
4.4
4.4
4.4
4.4
4.4
4.4
4.4
4.4
4.4
4.4
4.4
4.4
4.4
4.4
4.5
4.7
4.6
4.6
4.6
4.6
4.6
4.6
4.6
4.6
4.5
4.5
4.5
4.5
4.5
4.9
4.7
4.7
4.7
4.7
4.7
5.0
5.0
5.0
5.0
5.0
5.0
5.0
5.0
5.0
5.0
4.8
4.5
4.5
4.5
4.6
4.5
4.5
4.5
4.5
4.5
4.5
4.5
4.5
4.5
4.6
4.5
4.6
4.5
4.7
4.7
4.7
4.7
4.7
4.7
4.7
4.7
4.7
4.6
4.6
4.6
4.6
4.6
5.0
4.8
4.8
4.8
4.8
4.8
5.1
5.1
5.1
5.1
5.1
5.1
5.1
5.1
5.1
5.1
4.9
4.6
4.6
4.6
4.6
4.6
4.6
4.6
4.6
4.6
4.6
4.6
4.6
4.6
4.6
4.6
4.6
4.8
4.9
4.8
4.8
4.8
4.8
4.8
4.8
4.8
4.7
4.7
4.7
4.7
4.7
4.7
5.1
4.9
4.9
4.9
4.9
4.9
5.2
5.2
5.2
5.2
5.2
5.2
5.2
5.2
5.2
5.2
5.0
4.7
4.7
4.7
4.7
4.7
4.7
4.7
4.7
4.7
4.7
4.7
4.7
4.7
4.8
4.7
4.7
4.8
4.9
4.9
4.9
4.9
4.9
4.9
4.9
4.9
4.9
4.8
4.8
4.8
4.8
4.8
5.2
5.0
5.0
5.0
5.0
5.0
5.3
5.3
5.3
5.3
5.3
5.3
5.3
5.3
5.3
5.3
5.1
4.8
4.8
4.8
4.8
4.8
4.8
4.8
4.8
4.8
4.8
4.8
4.8
4.8
4.8
4.9
4.8
4.8
5.0
5.0
5.0
5.0
5.1
5.1
5.0
5.0
5.0
4.9
4.9
4.9
4.9
4.9
5.3
5.1
5.1
5.1
5.1
5.1
5.4
5.4
5.4
5.4
5.4
5.4
5.4
5.4
5.4
5.4
5.2
4.9
4.9
4.9
4.9
4.9
4.9
4.9
4.9
4.9
4.9
4.9
4.9
4.9
4.9
4.9
4.9
4.9
4.9
5.1
5.2
5.1
5.1
5.1
5.1
5.1
5.1
4.9
4.9
4.9
4.9
4.9
5.4
5.1
5.1
5.1
5.1
5.1
5.5
5.5
5.5
5.5
5.5
5.5
5.5
5.3
5.3
5.3
5.3
5.0
5.0
5.0
5.0
5.0
5.0
5.0
5.0
5.0
5.0
5.0
5.0
5.0
5.0
5.0
5.0
5.0
5.0
5.2
5.2
5.2
5.2
5.2
5.2
5.2
5.2
5.0
5.0
5.0
5.0
5.0
5.5
5.2
5.2
5.2
5.2
5.2
5.5
5.5
5.5
5.5
5.5
