138.0
139.0
139.0
149.0
148.0
148.0
148.0
149.0
149.0
148.0
149.0
162.0
170.0
171.0
171.0
171.0
171.0
171.0
171.0
171.0
172.0
199.0
207.0
207.0
216.0
216.0
216.0
216.0
216.0
216.0
217.0
208.0
207.0
206.0
208.0
204.0
205.0
205.0
238.0
226.0
226.0
226.0
228.0
226.0
251.0
247.0
247.0
247.0
247.0
247.0
247.0
247.0
256.0
256.0
256.0
240.0
240.0
240.0
239.0
239.0
239.0
239.0
239.0
239.0
240.0
239.0
239.0
239.0
240.0
240.0
240.0
240.0
249.0
249.0
249.0
249.0
249.0
249.0
249.0
250.0
242.0
242.0
242.0
242.0
242.0
242.0
254.0
253.0
253.0
253.0
253.0
253.0
271.0
271.0
271.0
271.0
271.0
271.0
271.0
271.0
271.0
260.0
261.0
244.0
244.0
244.0
244.0
244.0
244.0
244.0
245.0
245.0
245.0
245.0
245.0
245.0
245.0
245.0
246.0
247.0
254.0
254.0
255.0
257.0
255.0
255.0
255.0
257.0
247.0
247.0
247.0
247.0
247.0
247.0
271.0
258.0
258.0
258.0
258.0
258.0
276.0
276.0
275.0
275.0
278.0
276.0
276.0
278.0
277.0
266.0
266.0
249.0
249.0
250.0
250.0
249.0
249.0
249.0
250.0
250.0
250.0
250.0
250.0
250.0
250.0
251.0
251.0
263.0
259.0
260.0
260.0
260.0
260.0
260.0
260.0
261.0
252.0
252.0
252.0
252.0
252.0
275.0
263.0
263.0
263.0
263.0
264.0
281.0
281.0
281.0
281.0
281.0
281.0
281.0
281.0
281.0
281.0
271.0
254.0
254.0
254.0
258.0
254.0
254.0
254.0
254.0
255.0
255.0
255.0
255.0
255.0
257.0
255.0
258.0
256.0
265.0
265.0
265.0
266.0
267.0
267.0
265.0
265.0
266.0
257.0
257.0
257.0
257.0
257.0
281.0
268.0
269.0
269.0
268.0
269.0
286.0
286.0
286.0
286.0
286.0
286.0
289.0
287.0
287.0
287.0
276.0
260.0
260.0
260.0
260.0
260.0
260.0
260.0
260.0
260.0
260.0
260.0
261.0
261.0
261.0
261.0
261.0
270.0
274.0
270.0
270.0
270.0
271.0
271.0
271.0
270.0
263.0
263.0
263.0
263.0
263.0
263.0
286.0
274.0
274.0
274.0
274.0
274.0
291.0
291.0
291.0
291.0
291.0
291.0
292.0
292.0
292.0
292.0
281.0
264.0
265.0
265.0
265.0
265.0
265.0
265.0
265.0
265.0
266.0
266.0
266.0
266.0
268.0
266.0
266.0
269.0
276.0
275.0
276.0
276.0
276.0
276.0
276.0
276.0
277.0
268.0
268.0
268.0
268.0
268.0
292.0
279.0
279.0
279.0
279.0
279.0
297.0
296.0
297.0
296.0
296.0
297.0
297.0
297.0
297.0
297.0
287.0
270.0
270.0
270.0
270.0
271.0
270.0
270.0
270.0
271.0
271.0
271.0
271.0
271.0
271.0
274.0
272.0
272.0
281.0
281.0
281.0
280.0
285.0
285.0
281.0
281.0
282.0
273.0
273.0
273.0
273.0
273.0
297.0
284.0
284.0
284.0
284.0
285.0
302.0
302.0
302.0
302.0
302.0
302.0
302.0
302.0
302.0
302.0
292.0
275.0
275.0
275.0
275.0
275.0
277.0
276.0
275.0
276.0
276.0
276.0
276.0
276.0
276.0
276.0
277.0
277.0
277.0
286.0
290.0
286.0
286.0
286.0
286.0
286.0
287.0
278.0
278.0
278.0
278.0
278.0
302.0
289.0
290.0
289.0
289.0
290.0
307.0
307.0
307.0
307.0
307.0
307.0
307.0
296.0
297.0
297.0
297.0
280.0
280.0
281.0
280.0
281.0
281.0
281.0
281.0
281.0
281.0
281.0
281.0
281.0
281.0
282.0
282.0
282.0
282.0
291.0
295.0
290.0
293.0
295.0
295.0
291.0
294.0
283.0
283.0
283.0
283.0
283.0
309.0
295.0
295.0
295.0
295.0
295.0
312.0
312.0
312.0
312.0
312.0
