135.0
140.0
139.0
150.0
149.0
148.0
148.0
149.0
153.0
149.0
149.0
171.0
171.0
171.0
172.0
172.0
172.0
172.0
172.0
172.0
172.0
208.0
210.0
217.0
217.0
221.0
216.0
217.0
217.0
216.0
217.0
223.0
207.0
207.0
206.0
205.0
205.0
240.0
226.0
226.0
226.0
226.0
226.0
253.0
247.0
247.0
247.0
247.0
247.0
247.0
247.0
248.0
257.0
256.0
257.0
240.0
240.0
240.0
240.0
240.0
242.0
240.0
240.0
241.0
241.0
240.0
241.0
241.0
241.0
241.0
241.0
250.0
250.0
250.0
250.0
253.0
251.0
251.0
251.0
251.0
252.0
243.0
243.0
243.0
243.0
243.0
267.0
255.0
255.0
255.0
255.0
255.0
272.0
272.0
272.0
272.0
272.0
271.0
271.0
261.0
261.0
261.0
261.0
253.0
245.0
245.0
245.0
245.0
245.0
245.0
245.0
245.0
245.0
245.0
245.0
245.0
246.0
246.0
246.0
248.0
246.0
255.0
255.0
255.0
255.0
255.0
256.0
256.0
255.0
248.0
247.0
247.0
247.0
247.0
247.0
271.0
259.0
259.0
259.0
259.0
259.0
276.0
276.0
276.0
276.0
276.0
276.0
276.0
277.0
277.0
277.0
266.0
250.0
250.0
250.0
250.0
250.0
250.0
250.0
250.0
250.0
251.0
251.0
250.0
251.0
251.0
253.0
251.0
251.0
251.0
264.0
260.0
260.0
260.0
260.0
261.0
265.0
260.0
253.0
253.0
252.0
253.0
252.0
253.0
276.0
264.0
264.0
264.0
264.0
264.0
281.0
281.0
281.0
281.0
281.0
281.0
281.0
281.0
282.0
282.0
273.0
263.0
255.0
255.0
255.0
255.0
255.0
255.0
255.0
255.0
255.0
256.0
255.0
256.0
256.0
256.0
256.0
256.0
258.0
267.0
265.0
265.0
266.0
266.0
266.0
266.0
266.0
258.0
258.0
258.0
258.0
258.0
258.0
269.0
269.0
269.0
269.0
269.0
269.0
287.0
287.0
287.0
287.0
287.0
287.0
287.0
288.0
288.0
288.0
277.0
260.0
261.0
261.0
260.0
261.0
261.0
261.0
261.0
261.0
261.0
261.0
262.0
261.0
261.0
262.0
262.0
264.0
262.0
271.0
271.0
271.0
271.0
271.0
271.0
275.0
262.0
264.0
263.0
263.0
263.0
263.0
263.0
287.0
274.0
275.0
274.0
274.0
275.0
292.0
292.0
292.0
292.0
292.0
292.0
292.0
292.0
293.0
293.0
282.0
282.0
265.0
265.0
266.0
266.0
265.0
266.0
266.0
266.0
266.0
266.0
266.0
266.0
267.0
267.0
267.0
267.0
267.0
280.0
276.0
276.0
276.0
276.0
276.0
278.0
276.0
278.0
269.0
269.0
269.0
269.0
269.0
292.0
280.0
280.0
280.0
280.0
280.0
297.0
297.0
297.0
297.0
297.0
297.0
297.0
298.0
298.0
298.0
287.0
270.0
271.0
271.0
271.0
271.0
271.0
271.0
271.0
271.0
271.0
272.0
272.0
272.0
272.0
272.0
272.0
272.0
272.0
281.0
281.0
281.0
283.0
281.0
281.0
282.0
282.0
274.0
274.0
273.0
273.0
274.0
297.0
285.0
285.0
285.0
285.0
285.0
302.0
302.0
302.0
302.0
302.0
302.0
302.0
302.0
303.0
305.0
292.0
292.0
276.0
276.0
276.0
278.0
276.0
276.0
276.0
276.0
277.0
276.0
277.0
277.0
277.0
277.0
277.0
277.0
277.0
288.0
286.0
286.0
286.0
287.0
287.0
287.0
287.0
288.0
279.0
279.0
279.0
279.0
279.0
302.0
290.0
290.0
290.0
290.0
290.0
310.0
307.0
307.0
307.0
307.0
307.0
308.0
308.0
308.0
310.0
301.0
297.0
281.0
281.0
281.0
281.0
281.0
281.0
281.0
281.0
282.0
282.0
281.0
282.0
282.0
282.0
282.0
282.0
282.0
295.0
293.0
291.0
292.0
292.0
292.0
294.0
294.0
284.0
284.0
284.0
284.0
284.0
284.0
295.0
295.0
295.0
295.0
295.0
295.0
313.0
312.0
312.0
312.0
312.0
