171.0
172.0
172.0
173.0
171.0
172.0
172.0
172.0
173.0
171.0
171.0
172.0
172.0
172.0
173.0
171.0
172.0
172.0
172.0
172.0
173.0
173.0
171.0
172.0
172.0
172.0
172.0
173.0
171.0
172.0
172.0
172.0
172.0
173.0
173.0
171.0
172.0
172.0
172.0
172.0
173.0
172.0
172.0
172.0
172.0
172.0
175.0
175.0
174.0
174.0
175.0
175.0
175.0
175.0
174.0
174.0
174.0
175.0
175.0
175.0
175.0
174.0
174.0
175.0
175.0
175.0
175.0
174.0
174.0
174.0
175.0
175.0
175.0
174.0
174.0
175.0
175.0
175.0
175.0
176.0
174.0
174.0
175.0
175.0
175.0
175.0
174.0
175.0
175.0
175.0
175.0
175.0
176.0
174.0
175.0
175.0
175.0
175.0
176.0
174.0
175.0
175.0
175.0
176.0
176.0
176.0
175.0
175.0
175.0
175.0
176.0
176.0
176.0
176.0
176.0
176.0
177.0
177.0
177.0
176.0
176.0
176.0
176.0
177.0
177.0
176.0
176.0
176.0
177.0
177.0
177.0
177.0
176.0
176.0
176.0
177.0
177.0
177.0
176.0
176.0
176.0
177.0
177.0
177.0
177.0
176.0
176.0
177.0
177.0
177.0
177.0
176.0
177.0
177.0
177.0
177.0
178.0
176.0
177.0
177.0
178.0
178.0
178.0
177.0
177.0
177.0
178.0
178.0
178.0
177.0
177.0
177.0
178.0
178.0
178.0
179.0
177.0
178.0
178.0
178.0
178.0
179.0
177.0
178.0
178.0
178.0
178.0
179.0
177.0
178.0
178.0
178.0
178.0
179.0
178.0
178.0
178.0
178.0
178.0
179.0
177.0
178.0
178.0
178.0
179.0
179.0
178.0
178.0
178.0
179.0
179.0
179.0
179.0
178.0
178.0
179.0
179.0
179.0
178.0
178.0
178.0
179.0
179.0
179.0
179.0
178.0
178.0
179.0
179.0
179.0
179.0
178.0
178.0
179.0
179.0
179.0
179.0
178.0
178.0
179.0
179.0
179.0
180.0
178.0
180.0
179.0
179.0
179.0
180.0
178.0
178.0
179.0
179.0
179.0
182.0
179.0
179.0
179.0
179.0
180.0
180.0
179.0
179.0
179.0
179.0
180.0
180.0
179.0
179.0
179.0
179.0
180.0
180.0
180.0
179.0
179.0
179.0
180.0
180.0
180.0
179.0
179.0
180.0
180.0
180.0
180.0
179.0
179.0
179.0
180.0
180.0
180.0
179.0
179.0
179.0
180.0
180.0
180.0
180.0
179.0
179.0
179.0
180.0
180.0
180.0
179.0
180.0
180.0
180.0
180.0
180.0
179.0
180.0
180.0
180.0
180.0
181.0
181.0
179.0
180.0
180.0
180.0
180.0
181.0
179.0
180.0
180.0
180.0
180.0
181.0
181.0
180.0
180.0
180.0
180.0
181.0
181.0
180.0
180.0
180.0
180.0
181.0
181.0
180.0
180.0
180.0
180.0
181.0
181.0
181.0
180.0
180.0
180.0
180.0
181.0
181.0
180.0
180.0
180.0
181.0
181.0
181.0
181.0
180.0
180.0
180.0
181.0
181.0
181.0
180.0
180.0
180.0
181.0
181.0
181.0
181.0
180.0
180.0
180.0
181.0
181.0
181.0
180.0
181.0
181.0
181.0
181.0
182.0
180.0
181.0
181.0
181.0
181.0
182.0
182.0
180.0
181.0
181.0
181.0
182.0
181.0
181.0
183.0
181.0
182.0
182.0
181.0
181.0
181.0
182.0
182.0
182.0
181.0
181.0
181.0
182.0
182.0
182.0
181.0
181.0
181.0
182.0
182.0
182.0
181.0
181.0
181.0
182.0
182.0
182.0
182.0
181.0
181.0
182.0
182.0
182.0
183.0
181.0
181.0
182.0
182.0
182.0
183.0
181.0
182.0
182.0
182.0
182.0
183.0
181.0
181.0
182.0
182.0
182.0
182.0
181.0
181.0
182.0
182.0
182.0
183.0
181.0
182.0
182.0
182.0
182.0
183.0
183.0
181.0
182.0
182.0
182.0
182.0
183.0
181.0
182.0
182.0
182.0
182.0
183.0
182.0
182.0
182.0
182.0
183.0
183.0
183.0
182.0
182.0
183.0
183.0
183.0
183.0
182.0
182.0
182.0
183.0
183.0
183.0
182.0
182.0
182.0
183.0
183.0
183.0
182.0
182.0
182.0
183.0
183.0
184.0
182.0
183.0
183.0
183.0
184.0
183.0
183.0
183.0
183.0
184.0
184.0
183.0
183.0
183.0
183.0
184.0
184.0
183.0
183.0
183.0
183.0
184.0
184.0
182.0
183.0
183.0
184.0
184.0
184.0
183.0
183.0
183.0
184.0
184.0
184.0
183.0
183.0
183.0
184.0
184.0
184.0
183.0
183.0
184.0
184.0
184.0
184.0
183.0
183.0
183.0
184.0
184.0
184.0
183.0
183.0
183.0
184.0
184.0
184.0
183.0
183.0
183.0
184.0
184.0
184.0
183.0
183.0
184.0
184.0
184.0
184.0
183.0
183.0
184.0
184.0
184.0
185.0
184.0
184.0
184.0
185.0
185.0
184.0
184.0
184.0
184.0
185.0
185.0
184.0
184.0
