14.25
15.25
15.625
15.75
15.625
15.875
15.5
15.875
12.875
12.75
12.75
12.75
12.75
12.75
12.75
12.875
12.75
12.875
12.75
13.0
12.625
12.75
12.75
12.75
12.75
12.875
12.75
12.875
12.625
12.875
12.875
12.625
12.75
12.75
13.0
12.75
12.875
12.625
12.75
12.875
12.75
12.75
12.5
12.75
12.75
12.75
12.875
12.875
12.75
12.625
13.0
12.625
12.75
13.0
12.75
12.5
12.75
12.75
12.625
12.875
12.5
12.75
12.5
12.875
12.75
12.625
12.75
12.75
12.625
12.75
12.625
12.875
12.625
12.75
12.75
12.625
12.75
12.75
12.75
12.5
12.75
12.625
12.75
12.75
12.75
12.75
12.75
12.625
12.75
12.75
12.75
12.625
12.75
12.75
12.75
12.75
12.625
12.5
12.75
12.75
12.625
12.875
12.75
12.625
12.625
12.75
12.75
12.75
12.625
12.875
12.625
12.75
12.625
12.75
12.625
12.5
12.75
12.875
12.75
12.625
12.75
12.75
12.75
12.75
12.75
12.625
12.75
12.625
12.625
12.875
12.75
12.75
12.625
12.625
12.625
12.875
12.625
12.75
12.625
12.75
12.75
12.75
12.625
12.625
12.875
12.625
12.75
12.625
12.75
12.75
12.875
12.625
12.75
12.625
12.875
12.625
12.625
12.75
12.75
12.75
12.75
12.75
12.5
12.75
12.75
12.75
12.625
12.75
12.75
12.625
12.625
12.625
12.625
12.875
12.75
12.625
12.75
12.625
12.875
12.625
12.75
12.625
12.625
12.75
12.75
12.75
12.75
12.75
12.625
12.75
12.625
12.875
12.625
12.75
12.75
12.75
12.625
12.875
12.625
12.75
12.625
12.75
12.625
12.75
12.625
12.875
12.625
12.5
12.75
12.75
12.75
12.75
12.75
12.625
12.75
12.625
12.875
12.625
12.75
12.75
12.625
12.75
12.625
12.75
12.625
12.75
12.625
12.75
12.625
12.75
12.625
12.75
12.75
12.625
12.75
12.625
12.875
12.75
12.625
12.75
12.75
12.75
12.625
12.75
12.75
12.625
12.75
12.75
12.75
12.625
12.75
12.75
12.625
12.75
12.75
12.75
12.625
12.625
12.75
12.75
12.625
12.75
12.75
12.75
12.75
12.75
12.625
12.75
12.625
9.0
1.125
