203.0
205.0
203.0
204.0
204.0
204.0
205.0
205.0
200.0
200.0
200.0
200.0
200.0
200.0
200.0
200.0
200.0
200.0
200.0
200.0
200.0
200.0
200.0
200.0
200.0
200.0
200.0
200.0
200.0
200.0
200.0
201.0
201.0
201.0
201.0
201.0
201.0
201.0
201.0
201.0
201.0
201.0
201.0
201.0
201.0
201.0
201.0
201.0
201.0
201.0
201.0
201.0
201.0
201.0
201.0
201.0
201.0
201.0
201.0
201.0
201.0
201.0
201.0
202.0
202.0
202.0
202.0
202.0
202.0
202.0
202.0
202.0
202.0
202.0
202.0
202.0
202.0
202.0
202.0
202.0
202.0
202.0
202.0
202.0
202.0
202.0
202.0
202.0
202.0
202.0
202.0
202.0
202.0
202.0
203.0
203.0
203.0
203.0
203.0
203.0
203.0
203.0
203.0
203.0
203.0
203.0
203.0
202.0
202.0
202.0
202.0
202.0
202.0
202.0
202.0
202.0
202.0
203.0
203.0
203.0
203.0
203.0
203.0
203.0
203.0
203.0
203.0
203.0
203.0
203.0
203.0
203.0
203.0
203.0
203.0
203.0
203.0
203.0
203.0
203.0
203.0
203.0
203.0
203.0
203.0
203.0
203.0
203.0
204.0
204.0
204.0
204.0
204.0
204.0
204.0
204.0
204.0
204.0
204.0
204.0
204.0
204.0
204.0
204.0
204.0
204.0
204.0
204.0
204.0
204.0
204.0
204.0
204.0
204.0
204.0
204.0
204.0
204.0
204.0
204.0
205.0
205.0
205.0
205.0
205.0
205.0
205.0
205.0
205.0
205.0
205.0
205.0
205.0
205.0
205.0
205.0
205.0
205.0
205.0
205.0
205.0
205.0
205.0
205.0
205.0
205.0
205.0
205.0
205.0
205.0
205.0
206.0
206.0
206.0
206.0
206.0
206.0
206.0
206.0
206.0
206.0
206.0
206.0
206.0
206.0
206.0
206.0
206.0
206.0
206.0
206.0
206.0
206.0
206.0
207.0
207.0
207.0
207.0
207.0
207.0
207.0
207.0
207.0
207.0
207.0
207.0
207.0
207.0
207.0
207.0
207.0
207.0
207.0
207.0
207.0
207.0
207.0
207.0
207.0
207.0
207.0
207.0
207.0
207.0
207.0
208.0
208.0
208.0
208.0
208.0
210.0
