202.0
208.0
209.0
211.0
211.0
212.0
213.0
214.0
206.0
206.0
208.0
207.0
207.0
207.0
206.0
207.0
207.0
207.0
208.0
208.0
209.0
210.0
210.0
210.0
211.0
211.0
211.0
211.0
211.0
212.0
202.0
202.0
202.0
203.0
203.0
203.0
204.0
204.0
204.0
204.0
204.0
204.0
205.0
205.0
205.0
207.0
206.0
206.0
206.0
206.0
207.0
207.0
207.0
207.0
207.0
207.0
208.0
208.0
208.0
208.0
209.0
209.0
209.0
209.0
209.0
210.0
210.0
210.0
210.0
210.0
211.0
211.0
211.0
211.0
211.0
214.0
212.0
212.0
212.0
213.0
213.0
213.0
213.0
214.0
214.0
214.0
214.0
214.0
215.0
215.0
215.0
215.0
216.0
216.0
216.0
217.0
216.0
216.0
217.0
217.0
217.0
217.0
218.0
218.0
218.0
219.0
219.0
218.0
218.0
219.0
219.0
220.0
220.0
220.0
220.0
221.0
221.0
221.0
221.0
221.0
221.0
221.0
222.0
222.0
223.0
223.0
223.0
224.0
223.0
225.0
223.0
224.0
224.0
224.0
224.0
225.0
225.0
226.0
226.0
225.0
225.0
226.0
226.0
226.0
227.0
227.0
227.0
227.0
228.0
227.0
228.0
228.0
228.0
229.0
229.0
229.0
230.0
230.0
231.0
231.0
229.0
230.0
230.0
231.0
231.0
232.0
232.0
233.0
233.0
233.0
232.0
232.0
233.0
233.0
233.0
234.0
234.0
235.0
235.0
235.0
234.0
234.0
235.0
235.0
235.0
236.0
236.0
237.0
237.0
236.0
236.0
237.0
237.0
237.0
238.0
238.0
239.0
239.0
240.0
238.0
238.0
239.0
239.0
240.0
240.0
240.0
241.0
241.0
240.0
240.0
241.0
241.0
241.0
242.0
242.0
243.0
243.0
244.0
242.0
242.0
243.0
243.0
244.0
244.0
245.0
245.0
246.0
244.0
244.0
245.0
245.0
246.0
246.0
249.0
247.0
248.0
246.0
246.0
247.0
247.0
248.0
248.0
249.0
249.0
250.0
248.0
248.0
249.0
249.0
250.0
250.0
251.0
251.0
250.0
250.0
250.0
251.0
251.0
252.0
252.0
253.0
253.0
251.0
252.0
252.0
253.0
253.0
254.0
255.0
255.0
256.0
254.0
254.0
255.0
255.0
255.0
256.0
256.0
257.0
255.0
256.0
256.0
257.0
257.0
212.0
213.0
213.0
211.0
211.0
212.0
212.0
213.0
213.0
214.0
214.0
215.0
213.0
213.0
214.0
214.0
215.0
215.0
216.0
216.0
214.0
215.0
215.0
218.0
216.0
217.0
217.0
218.0
216.0
216.0
217.0
217.0
218.0
218.0
219.0
219.0
217.0
218.0
220.0
219.0
219.0
220.0
221.0
221.0
219.0
219.0
220.0
220.0
223.0
221.0
222.0
220.0
220.0
221.0
221.0
222.0
222.0
223.0
224.0
222.0
222.0
222.0
223.0
224.0
224.0
225.0
225.0
223.0
224.0
224.0
225.0
225.0
226.0
227.0
225.0
225.0
225.0
226.0
226.0
227.0
227.0
228.0
226.0
227.0
227.0
228.0
228.0
229.0
229.0
227.0
228.0
228.0
229.0
229.0
230.0
231.0
231.0
231.0
230.0
230.0
231.0
232.0
232.0
230.0
230.0
231.0
232.0
232.0
233.0
234.0
232.0
232.0
232.0
233.0
234.0
234.0
235.0
233.0
233.0
234.0
236.0
235.0
235.0
236.0
234.0
236.0
235.0
236.0
236.0
237.0
238.0
236.0
236.0
236.0
237.0
238.0
238.0
239.0
237.0
237.0
238.0
239.0
239.0
240.0
240.0
238.0
239.0
239.0
240.0
240.0
242.0
242.0
240.0
240.0
240.0
241.0
242.0
243.0
243.0
241.0
242.0
242.0
243.0
244.0
244.0
243.0
242.0
243.0
244.0
244.0
245.0
246.0
243.0
244.0
247.0
245.0
246.0
247.0
248.0
245.0
246.0
246.0
247.0
248.0
248.0
246.0
247.0
247.0
248.0
249.0
249.0
250.0
247.0
248.0
249.0
249.0
250.0
251.0
248.0
249.0
250.0
251.0
251.0
252.0
252.0
250.0
251.0
251.0
252.0
255.0
253.0
251.0
252.0
252.0
253.0
254.0
255.0
252.0
253.0
253.0
254.0
255.0
256.0
255.0
248.0
249.0
249.0
248.0
250.0
250.0
251.0
250.0
250.0
251.0
251.0
252.0
251.0
252.0
252.0
253.0
251.0
252.0
253.0
254.0
252.0
253.0
254.0
255.0
253.0
254.0
255.0
255.0
256.0
254.0
255.0
256.0
257.0
220.0
215.0
215.0
216.0
214.0
215.0
216.0
217.0
215.0
216.0
217.0
217.0
216.0
217.0
217.0
218.0
216.0
217.0
218.0
219.0
218.0
218.0
219.0
220.0
221.0
219.0
220.0
220.0
221.0
220.0
221.0
221.0
222.0
220.0
221.0
222.0
223.0
221.0
222.0
223.0
224.0
222.0
223.0
224.0
225.0
223.0
224.0
224.0
225.0
224.0
225.0
225.0
226.0
224.0
225.0
226.0
227.0
225.0
226.0
227.0
