15.625
16.625
16.5
16.125
16.625
16.875
16.75
15.875
13.375
13.625
13.875
13.25
13.75
13.375
14.0
13.375
13.375
13.375
13.25
13.5
13.375
13.5
13.375
13.75
13.25
13.25
13.125
13.375
13.625
13.625
13.625
13.25
13.75
13.5
13.25
13.25
13.25
13.375
13.5
13.375
13.5
13.5
13.375
13.125
13.375
13.75
13.625
13.25
13.375
13.5
13.5
13.875
13.75
13.25
13.375
13.5
13.375
13.5
13.25
13.625
13.375
13.5
13.375
13.375
13.5
13.375
13.625
13.375
13.125
13.375
13.375
13.625
13.625
13.375
13.25
13.625
13.375
13.625
13.5
13.625
13.875
12.75
13.375
13.375
13.25
13.625
13.25
13.625
13.125
13.375
13.375
13.625
13.0
13.5
13.375
13.375
13.625
13.375
13.375
13.5
13.5
13.375
13.375
13.25
13.25
13.5
13.375
13.625
13.5
13.75
13.375
13.375
13.5
13.625
13.375
13.5
13.625
13.25
13.375
13.375
13.625
13.625
13.75
13.625
13.625
13.375
13.375
13.125
13.625
13.5
13.375
13.25
13.375
13.75
13.125
13.5
13.25
13.625
13.625
13.5
13.5
13.375
13.375
13.75
13.125
13.375
13.625
13.375
13.75
13.5
13.375
13.25
13.75
13.5
13.5
13.25
13.625
13.5
13.5
13.375
13.5
13.5
13.5
13.5
13.375
13.375
13.5
13.375
13.375
13.375
13.25
13.375
8.5
0.0
