128.0
164.0
149.0
132.0
144.0
156.0
140.0
149.0
156.0
140.0
150.0
135.0
146.0
142.0
140.0
148.0
132.0
141.0
135.0
148.0
135.0
150.0
134.0
147.0
132.0
142.0
142.0
142.0
153.0
140.0
149.0
135.0
147.0
135.0
144.0
154.0
143.0
134.0
144.0
133.0
143.0
132.0
141.0
151.0
140.0
151.0
140.0
152.0
137.0
148.0
134.0
143.0
152.0
134.0
142.0
150.0
132.0
143.0
153.0
140.0
147.0
132.0
145.0
131.0
142.0
151.0
138.0
147.0
132.0
144.0
132.0
144.0
153.0
138.0
146.0
135.0
143.0
151.0
136.0
143.0
150.0
133.0
143.0
131.0
141.0
148.0
136.0
146.0
130.0
141.0
149.0
137.0
146.0
135.0
144.0
152.0
140.0
147.0
131.0
142.0
150.0
139.0
148.0
133.0
146.0
133.0
145.0
154.0
139.0
146.0
153.0
136.0
141.0
148.0
132.0
139.0
146.0
132.0
144.0
131.0
141.0
148.0
155.0
140.0
150.0
136.0
145.0
152.0
140.0
146.0
131.0
141.0
153.0
139.0
147.0
153.0
135.0
142.0
150.0
133.0
142.0
150.0
137.0
147.0
131.0
141.0
148.0
156.0
140.0
147.0
154.0
137.0
143.0
149.0
131.0
140.0
146.0
153.0
138.0
146.0
153.0
139.0
143.0
148.0
153.0
137.0
141.0
147.0
152.0
133.0
138.0
142.0
147.0
142.0
