12.0625
12.625
12.625
12.75
12.5
12.625
12.375
13.0
12.625
12.625
12.5
12.625
12.625
12.5
12.75
12.625
12.625
12.625
12.625
12.375
12.625
12.625
12.625
12.75
12.75
12.5
12.625
12.625
12.625
12.5
12.625
12.625
12.625
12.5
12.75
12.5
12.625
12.625
12.625
12.625
12.5
12.625
12.5
12.625
12.5
12.75
12.625
12.625
12.5
12.625
12.625
12.625
12.625
12.5
12.625
12.625
12.625
12.75
12.5
12.625
12.625
12.5
12.625
12.625
12.5
12.625
12.625
12.625
12.625
12.75
12.75
12.75
12.75
12.625
12.75
12.625
12.75
12.75
12.75
12.625
12.75
12.75
12.75
12.625
12.75
12.875
12.75
12.875
12.875
12.75
12.625
12.625
12.875
12.625
12.75
12.625
12.75
12.75
12.625
12.625
12.75
12.75
12.625
12.625
12.75
12.75
12.5
12.875
12.75
12.75
12.75
12.75
12.75
12.75
12.75
12.625
12.75
12.875
12.625
12.75
12.625
12.875
12.5
12.875
12.625
12.75
12.625
12.625
12.625
12.75
12.625
12.875
12.75
12.875
12.75
12.875
12.75
12.75
13.0
12.75
12.875
12.875
12.875
12.625
12.75
12.875
12.875
12.625
12.875
12.75
12.875
12.75
12.75
12.875
12.75
12.75
12.75
12.75
12.75
12.875
12.75
12.75
12.75
12.875
12.5
13.0
12.625
12.875
12.625
12.75
12.75
12.75
12.75
12.75
12.75
12.625
12.875
12.625
12.875
12.875
12.625
12.875
12.75
12.625
12.75
12.75
12.875
12.75
12.75
12.625
12.875
12.75
12.625
12.875
12.625
12.75
12.75
12.75
12.75
12.75
12.75
12.625
12.875
12.75
12.75
12.75
12.75
12.75
12.75
12.75
12.75
13.0
12.75
12.625
12.75
12.375
12.75
12.75
12.75
12.75
12.75
12.625
12.75
12.5
0.875
0.0
