15.5
15.25
15.25
15.875
15.5
15.5
15.375
16.0
12.625
12.625
13.125
12.625
12.25
13.25
12.75
12.75
13.0
12.625
12.75
12.5
12.625
12.75
13.25
12.0
13.25
12.625
12.625
13.0
12.5
12.5
13.125
12.875
12.75
12.25
13.25
12.375
13.25
12.625
12.875
12.75
12.625
12.25
12.875
12.625
13.0
12.5
13.375
12.5
12.875
12.875
12.375
13.0
12.875
12.25
12.75
13.375
12.125
12.75
12.5
13.0
12.875
12.5
13.125
12.5
13.25
12.125
13.5
12.125
12.75
12.875
12.75
12.75
12.625
12.875
12.75
12.75
12.75
12.75
12.75
12.875
12.875
12.625
12.75
12.625
12.75
12.875
12.5
13.0
12.5
12.75
12.75
13.125
12.375
12.875
13.0
12.75
12.875
12.125
12.75
12.75
12.875
12.5
13.0
12.625
12.75
12.625
12.875
12.625
12.625
12.75
13.125
12.5
12.625
12.75
12.625
12.875
12.75
12.625
12.75
13.0
12.5
13.0
13.0
12.375
12.875
12.875
12.875
12.625
12.625
13.0
12.375
12.75
12.875
12.75
12.625
12.75
12.75
13.25
12.125
13.25
12.25
12.875
13.125
12.25
12.625
13.5
12.25
12.625
12.75
12.75
12.75
12.75
12.75
12.75
12.875
12.625
12.75
12.625
12.75
13.0
12.625
12.75
12.875
12.625
12.75
12.875
13.0
12.75
12.75
12.375
12.625
12.75
13.25
12.375
12.625
12.875
13.0
12.375
12.75
12.875
12.625
12.75
13.125
12.625
13.125
12.625
12.25
12.875
12.875
12.5
13.0
12.75
12.875
12.875
12.375
12.75
13.0
12.875
12.75
12.625
12.75
12.75
12.625
12.75
12.75
12.75
13.0
12.5
13.125
12.75
12.25
12.875
13.125
12.75
12.625
12.375
12.75
12.875
12.875
12.5
13.0
12.875
12.75
12.75
12.625
12.75
12.625
12.625
13.0
12.75
12.875
12.375
12.625
12.875
13.125
12.25
13.25
12.5
12.75
13.125
12.375
12.75
12.75
12.75
13.125
12.625
12.875
12.875
12.125
12.875
13.125
12.25
12.75
13.0
12.625
12.625
12.875
12.75
12.625
12.75
12.75
12.75
12.75
12.625
12.875
12.75
12.875
12.625
12.75
12.625
12.875
12.75
11.0
1.375
0.75
