117.0
120.0
120.0
120.0
120.0
120.0
120.0
121.0
121.0
121.0
121.0
121.0
121.0
121.0
121.0
121.0
121.0
121.0
121.0
121.0
121.0
121.0
121.0
121.0
121.0
121.0
121.0
121.0
121.0
121.0
122.0
122.0
122.0
124.0
122.0
122.0
121.0
121.0
121.0
121.0
121.0
121.0
121.0
121.0
121.0
121.0
121.0
121.0
121.0
121.0
121.0
121.0
121.0
121.0
121.0
121.0
121.0
121.0
121.0
121.0
121.0
121.0
121.0
121.0
121.0
121.0
121.0
121.0
122.0
122.0
122.0
122.0
122.0
122.0
122.0
122.0
122.0
122.0
122.0
122.0
122.0
122.0
122.0
122.0
122.0
122.0
122.0
122.0
122.0
122.0
122.0
122.0
122.0
122.0
122.0
122.0
122.0
122.0
122.0
122.0
122.0
122.0
122.0
122.0
122.0
122.0
122.0
122.0
122.0
122.0
122.0
122.0
122.0
122.0
122.0
122.0
122.0
122.0
124.0
124.0
124.0
124.0
124.0
124.0
124.0
124.0
124.0
124.0
124.0
124.0
124.0
125.0
125.0
125.0
125.0
125.0
125.0
125.0
125.0
125.0
125.0
125.0
125.0
125.0
125.0
125.0
125.0
125.0
125.0
125.0
125.0
125.0
125.0
125.0
125.0
125.0
125.0
125.0
125.0
125.0
125.0
125.0
125.0
125.0
125.0
125.0
125.0
125.0
125.0
125.0
125.0
125.0
125.0
125.0
125.0
125.0
125.0
125.0
125.0
125.0
125.0
125.0
125.0
126.0
126.0
126.0
126.0
126.0
126.0
126.0
126.0
126.0
126.0
126.0
126.0
126.0
126.0
126.0
126.0
126.0
126.0
126.0
126.0
126.0
126.0
126.0
126.0
126.0
126.0
126.0
126.0
126.0
126.0
128.0
126.0
126.0
126.0
126.0
126.0
126.0
126.0
126.0
126.0
126.0
126.0
126.0
126.0
126.0
128.0
126.0
126.0
126.0
126.0
126.0
126.0
127.0
127.0
127.0
127.0
127.0
127.0
127.0
127.0
127.0
127.0
127.0
127.0
127.0
127.0
127.0
127.0
127.0
127.0
127.0
127.0
127.0
127.0
127.0
127.0
127.0
127.0
127.0
127.0
127.0
127.0
127.0
127.0
127.0
129.0
127.0
127.0
127.0
127.0
127.0
127.0
127.0
127.0
127.0
127.0
127.0
127.0
127.0
127.0
127.0
127.0
127.0
127.0
128.0
128.0
128.0
128.0
128.0
128.0
128.0
128.0
128.0
128.0
128.0
128.0
128.0
128.0
128.0
128.0
128.0
128.0
128.0
128.0
128.0
130.0
128.0
128.0
128.0
128.0
128.0
128.0
128.0
128.0
128.0
129.0
129.0
129.0
129.0
129.0
129.0
129.0
129.0
129.0
129.0
129.0
129.0
129.0
129.0
129.0
129.0
129.0
129.0
129.0
129.0
129.0
129.0
129.0
129.0
129.0
129.0
129.0
129.0
129.0
129.0
129.0
129.0
129.0
129.0
129.0
129.0
129.0
129.0
129.0
129.0
129.0
129.0
130.0
130.0
130.0
130.0
130.0
130.0
130.0
130.0
130.0
130.0
130.0
130.0
130.0
130.0
130.0
130.0
130.0
130.0
130.0
130.0
130.0
130.0
130.0
130.0
130.0
130.0
130.0
130.0
130.0
130.0
130.0
130.0
130.0
130.0
130.0
130.0
130.0
130.0
130.0
130.0
130.0
130.0
131.0
131.0
130.0
130.0
130.0
130.0
130.0
130.0
130.0
130.0
131.0
131.0
131.0
131.0
131.0
131.0
131.0
131.0
131.0
131.0
131.0
131.0
131.0
131.0
131.0
131.0
131.0
131.0
131.0
131.0
131.0
131.0
131.0
131.0
131.0
131.0
131.0
131.0
131.0
131.0
131.0
131.0
131.0
131.0
131.0
131.0
131.0
131.0
131.0
131.0
131.0
131.0
131.0
131.0
131.0
131.0
131.0
131.0
131.0
131.0
131.0
131.0
131.0
132.0
132.0
132.0
132.0
132.0
132.0
132.0
133.0
133.0
133.0
133.0
133.0
133.0
133.0
133.0
133.0
133.0
133.0
133.0
133.0
133.0
133.0
133.0
133.0
133.0
133.0
133.0
133.0
133.0
133.0
133.0
133.0
133.0
133.0
133.0
133.0
133.0
133.0
133.0
133.0
133.0
133.0
133.0
133.0
133.0
133.0
133.0
133.0
133.0
133.0
133.0
133.0
133.0
133.0
134.0
134.0
134.0
134.0
134.0
134.0
134.0
134.0
134.0
134.0
134.0
134.0
134.0
134.0
134.0
134.0
134.0
134.0
134.0
134.0
134.0
134.0
134.0
134.0
134.0
134.0
134.0
134.0
134.0
134.0
134.0
134.0
134.0
134.0
134.0
134.0
134.0
134.0
134.0
134.0
134.0
134.0
134.0
134.0
134.0
134.0
134.0
134.0
134.0
134.0
134.0
134.0
135.0
135.0
135.0
135.0
135.0
135.0
135.0
135.0
135.0
135.0
135.0
135.0
135.0
135.0
135.0
135.0
135.0
135.0
135.0
135.0
135.0
135.0
135.0
135.0
135.0
135.0
135.0
135.0
135.0
