142.0
142.0
141.0
149.0
149.0
149.0
149.0
149.0
149.0
149.0
149.0
171.0
171.0
171.0
171.0
172.0
172.0
172.0
172.0
172.0
172.0
208.0
208.0
220.0
217.0
217.0
219.0
217.0
217.0
217.0
217.0
224.0
207.0
207.0
209.0
205.0
205.0
239.0
227.0
227.0
227.0
227.0
227.0
254.0
248.0
248.0
248.0
248.0
248.0
248.0
248.0
257.0
257.0
257.0
240.0
241.0
241.0
240.0
241.0
241.0
241.0
241.0
241.0
241.0
241.0
241.0
241.0
241.0
245.0
243.0
243.0
252.0
252.0
256.0
252.0
252.0
252.0
252.0
252.0
253.0
245.0
245.0
245.0
245.0
245.0
268.0
256.0
256.0
256.0
256.0
256.0
273.0
273.0
273.0
273.0
273.0
274.0
274.0
274.0
274.0
274.0
264.0
255.0
247.0
247.0
247.0
247.0
247.0
247.0
247.0
247.0
248.0
248.0
248.0
248.0
248.0
248.0
248.0
250.0
248.0
257.0
257.0
257.0
258.0
262.0
258.0
258.0
259.0
250.0
250.0
250.0
250.0
250.0
273.0
261.0
261.0
261.0
261.0
261.0
279.0
278.0
278.0
278.0
278.0
279.0
279.0
279.0
279.0
279.0
268.0
269.0
252.0
252.0
252.0
252.0
252.0
252.0
252.0
253.0
253.0
253.0
253.0
253.0
253.0
253.0
253.0
253.0
254.0
262.0
261.0
261.0
266.0
262.0
262.0
262.0
262.0
254.0
254.0
254.0
254.0
254.0
254.0
265.0
265.0
265.0
265.0
265.0
265.0
283.0
283.0
283.0
283.0
283.0
283.0
283.0
283.0
283.0
272.0
273.0
256.0
256.0
256.0
256.0
256.0
256.0
256.0
256.0
257.0
257.0
257.0
257.0
257.0
257.0
257.0
257.0
258.0
266.0
266.0
267.0
267.0
267.0
267.0
267.0
267.0
268.0
259.0
259.0
259.0
259.0
259.0
283.0
270.0
270.0
270.0
270.0
270.0
289.0
288.0
288.0
288.0
288.0
286.0
287.0
287.0
287.0
287.0
277.0
260.0
260.0
260.0
260.0
260.0
260.0
260.0
260.0
260.0
260.0
261.0
261.0
261.0
261.0
261.0
262.0
262.0
262.0
270.0
272.0
270.0
271.0
271.0
271.0
271.0
274.0
263.0
263.0
263.0
263.0
263.0
286.0
274.0
274.0
274.0
274.0
274.0
292.0
291.0
291.0
291.0
291.0
292.0
292.0
292.0
281.0
282.0
282.0
274.0
265.0
269.0
265.0
265.0
265.0
265.0
265.0
265.0
266.0
266.0
266.0
266.0
266.0
266.0
266.0
267.0
267.0
276.0
280.0
275.0
276.0
276.0
276.0
276.0
277.0
268.0
268.0
268.0
268.0
268.0
291.0
279.0
279.0
279.0
279.0
279.0
297.0
297.0
297.0
297.0
297.0
297.0
297.0
286.0
286.0
287.0
287.0
270.0
270.0
272.0
270.0
270.0
270.0
271.0
270.0
270.0
271.0
271.0
271.0
271.0
271.0
272.0
274.0
272.0
272.0
280.0
281.0
280.0
281.0
285.0
285.0
281.0
282.0
273.0
273.0
273.0
273.0
273.0
296.0
284.0
284.0
284.0
284.0
284.0
302.0
302.0
302.0
302.0
302.0
302.0
302.0
293.0
292.0
292.0
291.0
292.0
275.0
275.0
275.0
277.0
275.0
275.0
275.0
276.0
276.0
276.0
276.0
276.0
276.0
277.0
277.0
277.0
277.0
286.0
286.0
286.0
290.0
286.0
286.0
286.0
286.0
278.0
278.0
278.0
278.0
278.0
278.0
302.0
289.0
289.0
289.0
289.0
289.0
307.0
307.0
307.0
307.0
307.0
307.0
307.0
309.0
307.0
307.0
297.0
280.0
280.0
280.0
280.0
280.0
280.0
280.0
280.0
280.0
281.0
281.0
281.0
281.0
281.0
282.0
282.0
282.0
282.0
291.0
291.0
290.0
291.0
291.0
291.0
291.0
283.0
283.0
283.0
283.0
283.0
283.0
307.0
295.0
294.0
294.0
294.0
295.0
314.0
312.0
312.0
312.0
312.0
312.0
