5.1625
1.5
2.625
5.875
6.875
3.25
3.75
3.75
0.0
7.375
2.375
3.0
2.125
0.375
1.375
1.5
1.875
1.375
2.875
2.125
5.375
4.25
4.75
3.25
7.875
4.125
0.5
6.875
5.5
3.875
1.125
0.0
0.25
0.375
2.75
2.875
0.25
0.125
0.125
0.0
2.875
2.5
0.25
0.125
0.25
0.375
2.5
2.125
4.625
3.875
0.0
7.5
3.875
0.625
3.125
4.875
3.625
1.125
3.625
1.625
1.5
1.5
1.5
1.25
0.75
4.375
1.875
4.0
0.125
7.25
4.25
3.5
3.375
5.125
3.0
6.625
2.5
0.125
0.25
0.25
0.0
2.625
2.75
0.25
0.25
0.125
0.125
2.375
3.0
0.125
0.25
0.125
2.125
0.875
1.25
3.875
3.875
0.625
6.5
3.875
3.0
1.125
6.625
3.0
1.625
2.75
1.125
2.25
1.375
2.875
1.375
0.5
4.625
2.0
3.375
0.625
6.75
5.0
4.0
1.25
6.125
4.375
3.375
2.625
0.25
0.25
0.125
2.75
0.75
1.875
0.125
0.25
0.25
2.5
2.125
0.625
0.0
0.25
0.25
2.5
2.5
3.125
6.625
7.0
4.375
3.0
3.375
3.625
0.25
7.0
2.125
3.125
1.75
0.75
1.625
1.375
1.75
1.375
2.125
3.75
2.0
4.25
4.375
3.625
7.375
4.125
0.125
7.125
5.25
3.5
1.375
0.125
0.125
0.25
2.375
2.75
0.125
0.375
0.0
0.25
2.625
2.375
0.125
0.25
0.125
0.125
2.375
2.25
4.125
4.0
0.125
7.25
3.875
0.125
3.75
4.875
3.375
1.25
3.875
1.375
2.0
1.25
1.5
0.75
1.125
4.375
2.125
4.5
4.5
7.375
4.875
3.125
3.75
5.125
2.75
7.125
2.5
0.0
0.25
0.25
1.0
1.875
2.75
0.25
0.25
0.25
2.0
0.625
2.125
0.25
0.25
0.25
2.5
2.75
2.625
1.75
4.125
4.375
3.625
4.125
3.75
0.375
7.0
1.875
3.875
1.25
0.75
1.25
1.625
1.75
1.0
4.25
1.625
0.875
4.0
4.875
3.75
6.125
4.5
3.5
4.125
6.875
3.375
0.25
0.25
0.0
0.125
3.125
2.625
0.375
0.125
0.125
0.125
2.5
3.25
0.25
0.125
0.375
0.125
2.25
2.375
3.625
4.25
0.125
7.5
3.5
0.5
3.375
5.125
3.375
0.625
3.375
1.125
1.875
1.125
1.625
0.625
0.875
4.125
2.375
4.0
0.125
7.5
4.75
2.625
3.875
4.875
3.5
6.25
2.5
0.125
0.25
0.125
1.0
1.375
2.875
0.125
0.25
0.25
2.125
0.5
2.375
0.125
0.125
0.375
2.5
2.5
1.125
2.5
3.75
1.75
5.875
3.875
1.875
1.5
6.0
3.625
1.375
2.125
1.25
1.75
1.25
1.75
1.75
0.375
4.0
2.0
3.75
0.375
6.75
4.625
3.25
3.125
4.625
2.625
7.75
2.25
0.125
0.25
0.25
0.0
2.625
2.875
0.25
0.125
0.125
1.25
1.25
2.625
0.125
0.125
0.375
2.25
0.875
1.25
8.375
6.875
3.125
7.375
3.625
1.75
2.125
6.25
3.375
2.125
3.5
1.0
1.625
1.875
1.625
1.0
0.5
5.125
2.375
4.0
0.0
7.0
5.0
2.75
3.75
4.375
3.25
6.625
2.375
0.25
0.125
0.25
1.0
1.5
2.75
0.25
0.125
0.125
2.0
0.75
1.625
0.25
0.125
0.25
2.5
2.5
0.0
3.875
3.75
0.25
6.75
3.75
0.75
2.875
5.25
4.0
0.125
3.375
1.625
2.0
1.375
1.75
1.5
0.375
4.375
2.0
3.75
0.25
7.125
4.75
2.5
3.75
4.875
3.25
6.0
2.625
0.125
0.25
0.125
0.125
2.5
2.75
0.125
0.125
0.25
1.0
1.625
3.0
0.25
0.125
0.375
2.125
0.25
