177.0
178.0
178.0
178.0
180.0
183.0
180.0
180.0
182.0
181.0
182.0
183.0
186.0
187.0
187.0
187.0
187.0
187.0
187.0
189.0
188.0
225.0
227.0
226.0
224.0
223.0
224.0
226.0
225.0
224.0
245.0
244.0
244.0
244.0
244.0
269.0
290.0
289.0
290.0
290.0
289.0
291.0
291.0
291.0
291.0
291.0
291.0
289.0
290.0
289.0
289.0
289.0
290.0
290.0
291.0
291.0
292.0
249.0
250.0
251.0
250.0
251.0
250.0
228.0
229.0
227.0
228.0
235.0
235.0
234.0
235.0
233.0
234.0
233.0
235.0
234.0
235.0
257.0
256.0
256.0
256.0
256.0
278.0
300.0
300.0
300.0
300.0
300.0
309.0
331.0
331.0
331.0
331.0
319.0
320.0
319.0
318.0
318.0
319.0
319.0
300.0
300.0
300.0
301.0
279.0
259.0
258.0
257.0
258.0
234.0
235.0
234.0
234.0
234.0
241.0
241.0
243.0
241.0
245.0
243.0
242.0
243.0
242.0
242.0
264.0
263.0
263.0
263.0
288.0
306.0
306.0
306.0
306.0
306.0
307.0
327.0
327.0
327.0
327.0
301.0
312.0
313.0
313.0
315.0
312.0
293.0
293.0
294.0
294.0
294.0
283.0
264.0
263.0
263.0
264.0
239.0
240.0
239.0
240.0
240.0
241.0
246.0
247.0
249.0
247.0
248.0
249.0
249.0
249.0
249.0
271.0
269.0
269.0
269.0
269.0
293.0
313.0
312.0
312.0
312.0
312.0
325.0
324.0
324.0
324.0
324.0
324.0
299.0
299.0
299.0
300.0
288.0
288.0
288.0
288.0
289.0
289.0
270.0
269.0
270.0
269.0
270.0
269.0
247.0
247.0
247.0
247.0
256.0
257.0
255.0
254.0
255.0
255.0
255.0
255.0
256.0
256.0
277.0
277.0
277.0
277.0
299.0
298.0
319.0
319.0
319.0
319.0
342.0
342.0
352.0
352.0
352.0
352.0
352.0
327.0
327.0
325.0
293.0
293.0
283.0
284.0
285.0
284.0
284.0
275.0
265.0
265.0
265.0
264.0
243.0
242.0
242.0
243.0
247.0
249.0
249.0
250.0
250.0
249.0
249.0
251.0
249.0
249.0
269.0
268.0
268.0
268.0
268.0
280.0
299.0
299.0
299.0
299.0
299.0
312.0
311.0
311.0
311.0
311.0
285.0
298.0
298.0
298.0
299.0
299.0
299.0
299.0
299.0
299.0
299.0
288.0
268.0
267.0
268.0
267.0
256.0
246.0
246.0
245.0
246.0
253.0
251.0
250.0
252.0
252.0
252.0
251.0
255.0
252.0
252.0
273.0
272.0
272.0
272.0
295.0
294.0
316.0
315.0
315.0
316.0
338.0
338.0
359.0
359.0
359.0
355.0
365.0
356.0
356.0
355.0
355.0
332.0
333.0
312.0
313.0
312.0
313.0
271.0
271.0
271.0
270.0
270.0
249.0
248.0
249.0
249.0
248.0
256.0
255.0
255.0
256.0
255.0
255.0
254.0
255.0
255.0
255.0
277.0
276.0
276.0
276.0
276.0
298.0
319.0
319.0
319.0
319.0
345.0
341.0
342.0
342.0
342.0
327.0
328.0
329.0
329.0
328.0
328.0
315.0
315.0
316.0
315.0
315.0
315.0
274.0
275.0
273.0
274.0
273.0
251.0
252.0
250.0
250.0
251.0
258.0
257.0
256.0
256.0
257.0
258.0
256.0
258.0
257.0
257.0
279.0
278.0
278.0
278.0
303.0
300.0
321.0
321.0
321.0
321.0
321.0
333.0
342.0
342.0
342.0
342.0
354.0
340.0
339.0
339.0
338.0
339.0
339.0
318.0
319.0
319.0
319.0
276.0
275.0
276.0
276.0
266.0
244.0
243.0
244.0
244.0
244.0
250.0
252.0
249.0
251.0
250.0
250.0
250.0
252.0
251.0
251.0
272.0
272.0
272.0
272.0
272.0
294.0
315.0
315.0
315.0
315.0
339.0
336.0
358.0
358.0
358.0
342.0
332.0
