142.0
143.0
143.0
152.0
152.0
152.0
152.0
152.0
152.0
152.0
152.0
174.0
174.0
174.0
174.0
175.0
175.0
175.0
175.0
175.0
175.0
210.0
211.0
210.0
219.0
223.0
220.0
221.0
221.0
225.0
221.0
227.0
210.0
210.0
210.0
208.0
208.0
243.0
229.0
229.0
229.0
229.0
229.0
256.0
254.0
254.0
254.0
254.0
254.0
254.0
254.0
263.0
263.0
263.0
255.0
246.0
247.0
246.0
246.0
247.0
247.0
246.0
246.0
247.0
247.0
247.0
247.0
247.0
247.0
247.0
247.0
257.0
261.0
261.0
256.0
257.0
257.0
257.0
257.0
257.0
249.0
249.0
249.0
249.0
250.0
275.0
261.0
261.0
261.0
261.0
262.0
279.0
279.0
279.0
279.0
279.0
279.0
279.0
279.0
281.0
279.0
269.0
261.0
252.0
252.0
252.0
252.0
252.0
252.0
252.0
252.0
253.0
253.0
253.0
253.0
253.0
253.0
254.0
254.0
254.0
263.0
262.0
263.0
263.0
263.0
263.0
263.0
266.0
255.0
255.0
255.0
255.0
255.0
255.0
266.0
266.0
266.0
266.0
266.0
266.0
284.0
284.0
284.0
284.0
284.0
284.0
284.0
284.0
284.0
273.0
274.0
257.0
257.0
257.0
257.0
257.0
258.0
257.0
258.0
258.0
258.0
258.0
258.0
258.0
259.0
259.0
259.0
268.0
272.0
267.0
268.0
268.0
268.0
268.0
268.0
268.0
269.0
260.0
260.0
260.0
260.0
259.0
283.0
271.0
271.0
271.0
271.0
271.0
288.0
288.0
288.0
288.0
288.0
288.0
288.0
278.0
278.0
278.0
278.0
278.0
262.0
262.0
262.0
262.0
262.0
262.0
262.0
262.0
262.0
262.0
262.0
263.0
263.0
263.0
263.0
263.0
263.0
276.0
272.0
272.0
272.0
272.0
273.0
273.0
264.0
264.0
264.0
264.0
264.0
265.0
264.0
276.0
276.0
276.0
276.0
276.0
276.0
294.0
293.0
293.0
293.0
293.0
293.0
293.0
283.0
283.0
283.0
283.0
267.0
267.0
267.0
267.0
267.0
267.0
267.0
267.0
267.0
267.0
268.0
268.0
268.0
268.0
269.0
271.0
271.0
269.0
277.0
278.0
277.0
280.0
282.0
278.0
278.0
279.0
270.0
270.0
270.0
270.0
270.0
294.0
281.0
281.0
281.0
281.0
282.0
301.0
299.0
299.0
299.0
299.0
299.0
299.0
299.0
299.0
301.0
288.0
289.0
272.0
273.0
273.0
273.0
275.0
273.0
273.0
273.0
273.0
273.0
273.0
273.0
274.0
274.0
275.0
275.0
275.0
283.0
283.0
283.0
283.0
287.0
283.0
284.0
284.0
275.0
275.0
275.0
275.0
276.0
299.0
287.0
287.0
287.0
287.0
287.0
304.0
304.0
304.0
304.0
304.0
304.0
304.0
305.0
305.0
305.0
294.0
277.0
278.0
278.0
278.0
278.0
278.0
278.0
278.0
278.0
278.0
279.0
279.0
278.0
279.0
279.0
279.0
279.0
279.0
288.0
292.0
288.0
288.0
288.0
288.0
288.0
289.0
280.0
280.0
280.0
280.0
281.0
304.0
292.0
292.0
292.0
292.0
292.0
292.0
309.0
309.0
309.0
309.0
309.0
309.0
309.0
310.0
310.0
299.0
299.0
282.0
285.0
285.0
283.0
283.0
283.0
283.0
283.0
283.0
283.0
283.0
284.0
284.0
284.0
286.0
284.0
286.0
284.0
293.0
293.0
293.0
294.0
294.0
293.0
294.0
294.0
286.0
285.0
285.0
285.0
288.0
285.0
309.0
297.0
297.0
297.0
297.0
297.0
315.0
314.0
314.0
314.0
314.0
314.0
314.0
304.0
304.0
304.0
304.0
287.0
288.0
288.0
288.0
288.0
288.0
288.0
288.0
288.0
288.0
289.0
289.0
288.0
289.0
289.0
289.0
289.0
289.0
298.0
298.0
298.0
299.0
299.0
298.0
299.0
299.0
291.0
291.0
291.0
291.0
291.0
291.0
302.0
302.0
302.0
302.0
302.0
302.0
320.0
319.0
319.0
319.0
319.0
