14.25
15.25
15.375
15.375
15.625
15.75
15.625
16.25
12.75
12.75
12.75
12.75
12.75
12.625
12.75
12.875
12.75
12.75
12.75
12.75
12.75
12.75
12.875
12.625
12.75
12.75
12.75
12.75
12.75
12.75
12.75
12.625
12.75
12.875
12.625
12.875
12.75
12.75
12.625
12.875
12.75
12.875
12.75
12.75
12.75
12.75
12.625
12.75
12.75
12.875
12.75
12.625
12.875
12.625
12.75
12.75
12.75
12.75
12.75
12.625
12.875
12.625
12.75
12.875
12.625
12.75
12.75
12.875
12.625
12.75
12.75
12.75
12.75
12.75
12.75
12.75
12.875
12.75
12.75
12.75
12.625
12.875
12.75
12.75
12.75
12.625
12.875
12.625
12.875
12.625
12.875
12.75
12.75
12.625
12.875
12.625
12.75
12.75
12.75
12.75
12.75
12.875
12.5
12.875
12.75
12.75
12.75
12.75
12.75
12.625
12.875
12.75
12.75
12.75
12.75
12.625
12.75
12.875
12.75
12.75
12.75
12.625
12.75
12.75
12.75
12.625
12.875
12.75
12.625
12.875
12.75
12.75
12.75
12.625
12.75
12.75
12.875
12.75
12.75
12.75
12.75
12.75
12.75
12.75
12.75
12.875
12.75
12.75
12.75
12.75
12.75
12.75
12.75
12.875
12.625
12.875
12.75
12.75
12.75
12.625
12.875
12.75
12.875
12.75
12.625
12.75
13.0
12.625
12.75
12.75
12.875
12.75
12.75
12.75
12.75
12.875
12.625
12.75
12.75
12.75
12.75
12.75
12.875
12.75
12.75
12.75
12.75
13.0
12.625
12.75
12.75
12.75
12.75
12.75
12.75
12.875
12.75
12.75
12.75
12.75
12.875
12.625
12.875
12.875
12.625
12.875
12.625
12.875
12.625
12.75
12.75
12.875
12.625
12.875
12.75
12.75
12.75
12.75
12.875
12.75
12.75
12.75
12.75
12.625
12.75
12.875
12.625
12.75
12.75
12.75
12.875
12.75
12.625
12.875
12.625
13.0
12.75
12.75
12.75
12.875
12.625
12.75
12.875
12.75
12.875
12.75
12.75
12.625
12.875
12.875
12.625
12.875
12.75
12.625
12.75
12.875
12.875
12.625
13.0
12.625
12.875
12.75
12.75
12.875
12.75
12.75
12.875
12.625
12.875
12.75
12.75
12.75
13.0
8.625
