6.9375
3.625
2.375
2.125
2.625
2.75
2.375
2.875
2.625
2.375
2.375
2.75
2.125
2.75
2.5
2.375
2.5
2.125
2.5
2.625
2.0
2.375
2.625
2.375
2.625
2.375
2.75
2.375
2.625
2.5
2.375
2.375
2.375
2.25
2.125
2.625
2.25
2.125
2.75
2.5
2.25
2.5
2.125
2.25
2.25
2.375
2.25
2.0
2.5
2.25
2.625
2.5
2.375
2.375
2.25
2.125
2.25
2.375
2.375
2.375
2.375
2.25
2.375
2.5
2.5
2.375
2.5
2.25
3.125
2.375
2.375
2.25
2.25
2.5
2.25
2.375
2.375
2.625
2.5
2.25
2.375
2.125
2.5
2.625
2.625
2.5
2.625
2.5
2.25
2.25
2.625
2.0
2.625
2.375
2.625
2.375
2.125
2.375
2.625
2.125
2.625
2.125
2.5
2.375
2.5
2.375
2.375
2.625
2.25
2.375
2.375
2.125
2.5
2.375
2.375
2.25
2.375
2.375
2.5
2.625
2.375
2.375
2.625
2.375
2.25
2.5
2.25
2.375
2.25
2.5
2.0
2.625
2.625
2.375
2.625
2.375
2.25
2.625
2.5
2.125
2.375
2.375
2.625
3.0
2.5
2.375
2.375
2.375
2.375
2.625
2.5
2.25
2.625
2.375
2.5
2.5
2.625
2.25
2.5
2.25
2.375
2.625
2.5
2.375
2.125
2.75
2.625
2.375
2.5
2.125
2.5
2.5
2.125
2.125
2.25
2.375
2.25
2.625
2.25
2.25
2.625
2.5
2.375
2.5
2.375
2.5
2.625
2.25
2.5
2.5
2.5
2.25
2.625
2.375
2.0
2.625
2.5
2.375
2.5
2.625
2.75
2.25
2.5
2.125
2.25
2.375
2.25
2.625
2.125
2.5
2.375
2.5
2.375
2.125
2.25
2.75
2.5
2.375
2.5
2.5
2.5
2.25
2.375
2.125
2.375
2.75
2.375
2.5
2.375
2.375
2.875
2.5
2.25
2.0
2.25
2.625
2.5
2.375
2.375
2.375
2.25
2.625
1.875
2.75
2.25
2.25
2.25
2.0
2.375
2.375
2.25
2.5
2.25
2.625
2.375
2.5
2.375
2.25
2.375
2.25
2.75
2.375
2.125
2.625
2.375
2.25
2.25
2.25
2.5
3.0
2.375
2.375
2.5
2.375
2.375
1.875
2.375
2.75
2.375
3.25
2.375
2.375
4.125
2.25
2.25
2.25
2.5
2.25
2.75
2.5
2.125
2.625
2.5
2.5
2.5
2.25
2.5
2.875
2.25
2.375
2.375
2.5
2.375
2.375
2.25
2.375
2.625
2.25
2.375
2.5
2.375
2.75
2.375
2.625
2.375
2.625
2.5
2.375
2.375
2.25
2.25
2.25
2.25
2.375
2.625
2.25
2.375
2.5
2.375
2.375
2.25
2.625
2.25
2.875
2.25
2.5
2.375
2.375
2.25
2.625
2.625
2.25
2.625
2.5
2.625
2.375
2.5
2.375
2.25
2.375
3.125
2.375
2.25
2.375
2.25
2.5
2.5
2.5
2.5
2.75
2.5
2.375
2.375
2.5
2.5
2.5
2.375
2.875
2.375
2.25
2.625
2.25
2.25
2.25
2.25
2.25
2.875
2.375
2.375
2.625
2.75
2.375
2.625
2.5
2.5
2.375
2.375
2.25
2.375
2.0
2.5
2.25
2.75
2.375
2.5
2.625
2.375
2.625
2.125
2.375
3.0
2.375
2.375
2.25
2.125
2.5
2.5
2.0
3.0
2.5
2.625
2.375
2.5
2.25
2.625
2.25
2.625
2.375
2.125
2.625
2.5
2.25
2.625
2.0
3.0
2.5
2.375
2.25
2.25
2.625
2.375
2.625
2.0
2.625
2.25
2.25
2.5
2.375
2.25
3.125
2.5
2.375
2.375
2.5
2.5
2.375
2.5
2.5
2.25
2.375
2.5
2.25
2.375
2.25
3.0
2.125
2.25
2.25
2.5
2.5
2.5
2.25
2.25
2.375
2.5
2.375
2.375
2.125
2.5
2.75
2.375
2.25
2.5
2.25
2.625
2.25
3.0
2.25
2.75
2.625
2.25
2.375
2.375
2.125
2.75
2.5
2.375
2.0
2.75
2.375
2.5
2.375
2.125
2.625
2.25
2.625
2.375
2.375
3.0
2.375
2.5
2.5
2.125
2.375
2.5
3.125
2.375
2.0
2.25
2.375
2.375
2.375
2.875
2.625
2.375
2.125
2.5
2.25
2.5
2.75
2.75
1.875
1.75
2.125
2.25
2.625
2.875
2.5
2.375
2.375
2.5
2.375
2.375
2.75
2.625
2.375
2.5
2.5
2.375
3.375
2.875
2.5
2.25
2.625
2.125
2.625
2.625
2.375
2.5
2.5
2.125
2.375
2.5
2.875
2.375
2.5
2.25
2.375
2.5
2.5
2.5
2.375
2.5
2.375
2.5
2.375
2.5
2.25
2.375
2.375
2.75
2.375
2.125
3.125
2.375
2.375
2.375
2.75
2.5
2.875
2.25
2.375
2.625
2.5
2.5
2.125
2.625
2.625
2.5
2.5
2.125
2.5
2.75
2.375
2.25
2.25
2.375
2.5
2.125
2.625
3.625
