15.25
15.5
16.125
15.75
16.0
16.5
16.0
15.5
13.125
13.25
13.125
13.375
13.0
13.375
13.125
13.25
13.125
13.125
13.0
13.125
13.125
13.0
13.125
13.25
13.125
13.375
13.0
13.375
13.375
13.375
13.25
13.625
13.0
13.125
13.125
13.375
13.125
13.25
13.125
13.25
13.25
13.0
13.25
13.125
13.25
13.0
12.875
13.375
12.875
13.5
13.5
12.875
13.625
13.125
13.125
13.375
13.125
13.25
13.5
13.25
13.125
13.375
13.25
13.125
13.375
13.25
13.375
13.125
13.625
13.0
13.375
13.0
13.25
13.25
13.25
13.25
13.5
13.25
12.875
13.0
13.125
13.25
13.0
13.25
13.375
13.25
13.25
13.5
13.375
13.125
13.25
13.125
13.125
13.25
13.0
13.25
13.375
13.25
13.0
13.625
13.25
13.5
13.125
13.125
13.0
13.0
13.125
13.375
12.875
13.0
12.75
13.125
13.125
13.125
13.0
13.5
12.75
13.25
13.125
13.375
13.125
13.25
13.125
13.25
13.25
13.25
13.125
13.25
13.25
12.875
13.25
13.375
13.875
13.25
13.25
13.125
13.375
13.0
13.25
13.0
13.375
13.125
13.5
13.375
13.25
13.25
13.375
13.125
13.125
13.25
13.25
13.375
13.125
13.375
13.25
13.5
13.125
13.75
13.0
12.875
13.625
12.875
13.25
13.125
13.375
13.375
13.25
13.25
13.125
13.125
13.25
13.0
13.25
13.25
3.0
0.0
