124.0
162.0
141.0
152.0
140.0
142.0
153.0
140.0
150.0
135.0
149.0
135.0
144.0
152.0
139.0
152.0
135.0
134.0
135.0
144.0
133.0
145.0
136.0
147.0
132.0
137.0
141.0
148.0
140.0
150.0
135.0
150.0
135.0
142.0
135.0
148.0
138.0
130.0
140.0
128.0
138.0
147.0
138.0
129.0
140.0
150.0
136.0
144.0
151.0
136.0
146.0
129.0
138.0
141.0
148.0
134.0
142.0
129.0
136.0
144.0
153.0
136.0
144.0
151.0
136.0
145.0
131.0
140.0
149.0
134.0
145.0
128.0
134.0
136.0
141.0
150.0
135.0
139.0
146.0
131.0
139.0
149.0
131.0
136.0
140.0
146.0
153.0
136.0
144.0
153.0
135.0
144.0
130.0
139.0
149.0
137.0
148.0
134.0
141.0
150.0
154.0
133.0
136.0
140.0
147.0
131.0
139.0
148.0
131.0
142.0
151.0
134.0
145.0
131.0
139.0
147.0
128.0
133.0
139.0
147.0
133.0
136.0
145.0
137.0
148.0
131.0
136.0
141.0
148.0
129.0
139.0
148.0
153.0
133.0
134.0
143.0
134.0
142.0
148.0
153.0
134.0
136.0
140.0
146.0
130.0
133.0
140.0
148.0
132.0
140.0
148.0
134.0
144.0
151.0
132.0
131.0
136.0
143.0
147.0
152.0
131.0
130.0
133.0
135.0
142.0
152.0
134.0
140.0
145.0
152.0
131.0
135.0
137.0
144.0
148.0
129.0
