173.0
176.0
176.0
176.0
176.0
176.0
177.0
177.0
178.0
178.0
178.0
178.0
178.0
178.0
178.0
179.0
179.0
179.0
179.0
179.0
179.0
179.0
179.0
180.0
180.0
180.0
180.0
180.0
180.0
180.0
181.0
181.0
181.0
181.0
181.0
181.0
181.0
181.0
181.0
181.0
181.0
181.0
181.0
181.0
181.0
181.0
181.0
181.0
181.0
181.0
181.0
181.0
181.0
181.0
181.0
181.0
181.0
181.0
181.0
181.0
181.0
181.0
181.0
181.0
181.0
181.0
181.0
181.0
181.0
181.0
181.0
181.0
181.0
181.0
181.0
181.0
181.0
181.0
181.0
181.0
181.0
181.0
181.0
181.0
181.0
181.0
181.0
181.0
181.0
181.0
181.0
181.0
181.0
181.0
181.0
181.0
181.0
181.0
181.0
181.0
181.0
181.0
181.0
181.0
181.0
181.0
181.0
181.0
181.0
181.0
181.0
181.0
181.0
181.0
181.0
181.0
181.0
181.0
181.0
181.0
181.0
181.0
181.0
181.0
181.0
181.0
181.0
181.0
181.0
181.0
181.0
181.0
181.0
181.0
181.0
181.0
181.0
181.0
181.0
181.0
181.0
181.0
181.0
181.0
181.0
181.0
181.0
181.0
181.0
181.0
181.0
181.0
181.0
181.0
181.0
181.0
181.0
181.0
181.0
181.0
181.0
181.0
181.0
181.0
181.0
181.0
181.0
181.0
181.0
181.0
181.0
181.0
181.0
181.0
181.0
181.0
181.0
181.0
181.0
181.0
181.0
181.0
181.0
181.0
181.0
181.0
181.0
181.0
181.0
181.0
181.0
181.0
181.0
181.0
181.0
181.0
181.0
181.0
181.0
181.0
181.0
181.0
181.0
181.0
181.0
181.0
181.0
181.0
181.0
181.0
181.0
181.0
181.0
181.0
181.0
181.0
181.0
181.0
181.0
181.0
181.0
181.0
181.0
181.0
181.0
181.0
181.0
181.0
182.0
