14.25
16.625
16.25
16.875
16.375
16.375
16.375
15.875
13.5
13.375
13.5
13.125
13.75
13.375
13.125
13.375
13.375
13.5
13.375
13.375
13.375
13.5
13.375
13.375
13.375
13.25
13.625
13.625
13.0
13.625
13.375
13.5
13.25
13.25
13.75
13.25
13.25
13.5
13.125
13.5
13.125
13.25
13.875
13.5
13.25
13.75
13.625
13.25
13.375
13.25
13.5
13.125
13.5
13.25
13.75
13.375
13.375
14.125
13.25
13.25
13.375
13.875
13.75
13.375
13.125
13.25
13.25
13.5
13.5
13.625
13.5
13.25
13.375
13.375
13.25
13.625
13.5
13.25
13.375
13.375
13.5
13.25
13.5
13.5
13.625
13.5
13.5
13.125
14.125
13.5
13.375
13.125
13.375
13.5
13.375
14.0
13.5
13.375
13.5
13.375
13.625
13.25
13.75
13.25
13.25
13.75
13.5
13.125
13.25
13.5
13.375
13.5
13.375
13.375
13.125
13.875
13.375
13.625
13.375
13.75
13.375
13.375
13.125
13.875
13.625
13.375
13.875
13.5
13.5
13.375
13.625
13.625
13.5
13.75
13.625
13.25
13.375
13.625
13.125
13.375
13.625
13.25
13.25
13.375
13.75
13.25
13.75
13.625
13.625
13.5
13.5
13.625
13.25
13.625
13.375
13.0
13.375
13.25
13.625
13.5
13.625
13.25
13.375
13.625
13.625
13.25
13.75
13.5
13.5
13.375
13.5
13.375
13.5
13.5
3.625
0.25
0.0
