126.0
155.0
144.0
156.0
143.0
146.0
134.0
150.0
156.0
141.0
131.0
139.0
154.0
137.0
146.0
153.0
140.0
132.0
141.0
132.0
141.0
153.0
136.0
149.0
132.0
141.0
153.0
135.0
143.0
153.0
136.0
148.0
133.0
144.0
152.0
136.0
149.0
136.0
145.0
146.0
133.0
143.0
152.0
135.0
142.0
154.0
136.0
142.0
151.0
140.0
149.0
155.0
141.0
148.0
153.0
136.0
146.0
155.0
134.0
141.0
148.0
155.0
135.0
140.0
146.0
147.0
156.0
141.0
147.0
156.0
136.0
144.0
153.0
139.0
148.0
155.0
139.0
144.0
145.0
131.0
139.0
148.0
131.0
142.0
148.0
156.0
138.0
148.0
153.0
139.0
137.0
147.0
146.0
154.0
135.0
144.0
148.0
154.0
139.0
144.0
148.0
156.0
137.0
143.0
142.0
153.0
131.0
140.0
148.0
136.0
143.0
144.0
152.0
135.0
147.0
150.0
133.0
142.0
145.0
152.0
137.0
145.0
144.0
149.0
154.0
138.0
144.0
150.0
157.0
137.0
147.0
155.0
140.0
145.0
154.0
139.0
146.0
153.0
139.0
143.0
150.0
133.0
145.0
148.0
132.0
140.0
151.0
133.0
139.0
145.0
151.0
135.0
148.0
155.0
139.0
145.0
155.0
143.0
156.0
137.0
144.0
151.0
131.0
141.0
142.0
145.0
151.0
132.0
141.0
141.0
144.0
144.0
149.0
155.0
135.0
147.0
147.0
