182.0
182.0
186.0
183.0
185.0
185.0
187.0
186.0
187.0
186.0
188.0
189.0
190.0
191.0
192.0
192.0
181.0
182.0
182.0
181.0
182.0
220.0
223.0
220.0
219.0
218.0
218.0
218.0
219.0
222.0
219.0
239.0
239.0
239.0
239.0
239.0
264.0
285.0
285.0
285.0
285.0
296.0
296.0
296.0
296.0
296.0
296.0
281.0
281.0
282.0
284.0
282.0
282.0
272.0
272.0
272.0
273.0
263.0
243.0
243.0
244.0
243.0
244.0
221.0
221.0
221.0
221.0
221.0
228.0
229.0
227.0
230.0
228.0
228.0
228.0
229.0
228.0
228.0
250.0
250.0
250.0
250.0
250.0
273.0
294.0
293.0
294.0
293.0
293.0
305.0
306.0
306.0
306.0
306.0
280.0
313.0
316.0
315.0
315.0
302.0
303.0
304.0
304.0
305.0
307.0
262.0
262.0
263.0
261.0
262.0
228.0
227.0
228.0
228.0
229.0
237.0
234.0
235.0
236.0
237.0
237.0
236.0
237.0
237.0
237.0
261.0
258.0
258.0
258.0
258.0
292.0
312.0
312.0
311.0
311.0
311.0
335.0
346.0
345.0
345.0
345.0
319.0
342.0
346.0
343.0
342.0
330.0
298.0
299.0
299.0
300.0
299.0
278.0
260.0
257.0
257.0
258.0
257.0
235.0
235.0
234.0
235.0
236.0
242.0
241.0
242.0
243.0
243.0
242.0
243.0
245.0
243.0
244.0
264.0
264.0
264.0
264.0
264.0
288.0
307.0
307.0
307.0
307.0
307.0
331.0
340.0
339.0
339.0
339.0
313.0
327.0
327.0
327.0
327.0
315.0
305.0
305.0
295.0
296.0
296.0
296.0
265.0
267.0
265.0
263.0
264.0
241.0
241.0
240.0
240.0
240.0
247.0
247.0
248.0
248.0
248.0
249.0
247.0
249.0
250.0
248.0
269.0
269.0
269.0
269.0
294.0
315.0
313.0
313.0
313.0
313.0
314.0
334.0
333.0
333.0
333.0
306.0
308.0
309.0
308.0
309.0
309.0
309.0
300.0
289.0
280.0
279.0
279.0
259.0
260.0
259.0
258.0
259.0
235.0
236.0
237.0
237.0
236.0
244.0
244.0
244.0
243.0
243.0
243.0
242.0
243.0
243.0
243.0
264.0
264.0
264.0
264.0
287.0
289.0
307.0
307.0
307.0
307.0
307.0
310.0
307.0
307.0
307.0
281.0
315.0
315.0
314.0
314.0
315.0
315.0
315.0
314.0
315.0
315.0
315.0
273.0
272.0
271.0
271.0
248.0
239.0
238.0
239.0
239.0
239.0
246.0
246.0
246.0
245.0
245.0
245.0
246.0
246.0
245.0
245.0
268.0
267.0
267.0
267.0
267.0
289.0
311.0
310.0
310.0
310.0
310.0
311.0
331.0
330.0
330.0
330.0
304.0
304.0
304.0
306.0
304.0
295.0
284.0
285.0
285.0
284.0
284.0
275.0
264.0
265.0
264.0
264.0
242.0
241.0
241.0
242.0
242.0
250.0
249.0
248.0
249.0
248.0
249.0
249.0
250.0
248.0
249.0
269.0
268.0
268.0
268.0
268.0
292.0
312.0
311.0
312.0
311.0
311.0
335.0
335.0
334.0
334.0
335.0
309.0
343.0
343.0
343.0
342.0
321.0
321.0
320.0
320.0
321.0
321.0
298.0
280.0
279.0
278.0
278.0
265.0
245.0
245.0
245.0
245.0
246.0
252.0
252.0
251.0
252.0
251.0
251.0
251.0
252.0
251.0
252.0
273.0
272.0
272.0
272.0
272.0
296.0
315.0
315.0
315.0
314.0
314.0
316.0
315.0
314.0
315.0
314.0
289.0
302.0
302.0
302.0
301.0
301.0
302.0
302.0
303.0
303.0
305.0
291.0
270.0
272.0
270.0
271.0
249.0
247.0
248.0
247.0
248.0
249.0
254.0
254.0
244.0
244.0
244.0
245.0
244.0
244.0
247.0
244.0
264.0
264.0
264.0
264.0
290.0
287.0
307.0
307.0
307.0
307.0
309.0
308.0
307.0
307.0
307.0
281.0
305.0
