4.4625
2.125
0.875
0.875
0.875
0.75
0.875
0.875
1.0
0.875
1.0
0.75
0.75
1.0
0.75
0.875
0.75
0.875
1.0
0.75
1.0
1.0
0.875
0.875
0.875
0.875
1.125
1.0
0.875
0.875
0.75
0.875
0.75
0.875
1.0
1.25
0.875
0.75
1.0
1.0
0.875
0.75
1.0
0.875
0.75
0.875
0.875
0.75
0.875
1.125
0.75
0.75
1.0
0.875
1.0
0.75
0.875
1.0
0.875
0.875
1.0
0.875
1.0
0.75
0.875
0.7375
1.0
0.75
0.875
0.875
0.75
1.0
0.75
1.125
0.75
0.875
1.0
1.25
0.625
1.125
1.0
1.125
0.75
1.0
1.0
0.75
0.875
1.0
0.875
0.875
1.0
1.0
1.0
1.0
1.0
0.625
1.0
0.75
1.0
1.0
1.0
0.625
1.0
0.75
1.0
0.875
0.75
1.125
0.875
1.0
0.875
0.75
1.125
0.75
1.0
0.75
1.0
0.875
0.875
1.0
1.0
0.75
0.75
1.0
1.0
0.875
1.0
0.875
1.125
0.875
0.875
0.875
0.875
1.0
0.875
1.0
0.875
1.125
1.0
0.875
0.875
0.75
1.0
0.75
1.125
0.875
1.0
1.125
0.875
1.125
0.75
0.875
1.125
1.25
1.0
0.875
0.75
1.125
0.75
1.0
1.0
0.875
0.75
1.0
0.875
1.125
0.625
1.125
0.875
0.875
0.875
0.875
0.75
0.875
0.875
0.75
0.875
0.875
1.0
0.875
1.125
0.625
1.125
1.0
0.75
0.875
0.75
1.0
1.125
0.875
0.875
0.875
1.125
0.75
1.0
1.25
0.75
1.125
0.75
1.25
0.875
0.75
1.0
0.875
0.875
1.0
0.75
1.0
0.75
1.0
0.875
0.875
0.875
1.0
0.75
0.75
1.125
1.0
0.875
1.0
0.875
0.875
0.875
1.0
1.0
1.0
1.0
0.875
1.125
1.0
1.125
0.75
0.875
0.875
1.0
0.875
1.0
0.875
0.75
1.0
1.0
0.875
1.1125
0.75
0.875
1.0
1.0
0.75
1.0
1.0
0.875
0.625
1.0
1.0
0.875
0.875
0.875
0.875
1.0
1.0
0.75
1.125
0.75
0.875
0.875
0.875
0.875
0.75
0.875
0.75
1.0
0.875
0.75
1.25
0.75
1.0
1.0
0.875
1.0
0.75
1.125
0.75
0.875
0.875
1.0
0.75
0.875
0.75
1.0
0.75
0.875
1.125
0.75
1.0
0.75
0.875
1.0
0.875
1.0
0.875
0.875
1.0
1.0
0.75
1.0
0.875
1.125
0.625
1.0
0.75
0.875
0.875
1.0
0.75
0.875
1.125
0.75
0.875
0.625
0.875
1.0
0.625
1.0
0.875
1.0
1.0
1.0
1.0
0.875
0.875
1.0
1.125
0.75
0.875
1.0
1.0
1.0
1.125
0.875
0.875
0.875
0.875
0.75
0.875
1.0
0.875
0.875
1.0
0.875
0.75
0.875
0.875
1.0
0.875
1.0
1.0
0.875
1.0
0.875
1.125
1.0
1.0
0.75
0.875
1.0
0.75
1.0
1.25
1.125
0.75
0.875
0.875
0.875
1.125
0.75
0.875
0.75
0.75
1.0
0.875
1.125
0.875
1.0
0.875
0.875
0.875
1.0
0.75
1.375
0.75
0.875
0.75
0.875
0.75
0.875
1.0
0.75
1.0
0.875
1.0
0.875
1.0
0.875
1.0
0.75
0.875
1.0
0.875
0.875
1.125
0.75
0.875
1.0
0.875
1.125
1.0
1.0
1.0
0.75
0.875
0.75
1.0
0.75
0.875
0.75
1.0
0.875
0.875
1.125
0.875
1.0
0.75
1.0
1.125
0.75
0.75
0.75
0.875
0.75
1.125
0.875
1.0
0.75
0.875
1.0
0.75
1.0
0.75
1.125
0.75
0.875
0.875
0.875
0.875
0.875
1.0
1.0
0.75
0.75
1.0
1.0
1.0
1.125
0.75
1.0
0.875
1.0
0.875
0.875
0.75
0.875
0.75
1.125
1.125
0.75
1.0
0.875
0.75
0.875
1.0
1.0
1.0
0.875
0.875
0.75
0.875
1.0
0.75
0.875
0.75
1.0
0.875
0.875
0.875
1.125
0.75
0.875
0.75
0.875
0.875
0.875
1.0
0.875
1.0
0.875
1.125
0.875
0.875
0.75
0.75
0.875
0.875
0.875
1.0
1.0
0.75
1.25
1.125
0.875
1.0
1.0
1.0
0.625
0.875
0.875
1.125
0.875
1.0
0.875
0.875
1.125
0.875
1.0
1.0
0.75
1.0
0.875
0.875
0.875
0.75
0.75
0.875
1.125
0.875
0.75
0.875
0.875
0.875
1.125
1.0
1.0
0.875
0.875
0.875
0.75
1.0
0.625
0.875
0.875
0.875
0.75
1.0
0.875
1.0
0.875
0.875
1.0
1.0
0.875
0.875
0.75
1.125
1.0
0.875
0.875
1.125
0.75
0.875
0.875
1.0
0.625
1.0
1.0
1.0
0.875
0.75
1.125
0.875
1.0
0.75
0.875
0.875
1.0
1.0
0.625
1.125
1.0
0.875
0.9875
0.875
