196.0
195.0
198.0
198.0
199.0
199.0
201.0
199.0
200.0
200.0
201.0
203.0
204.0
206.0
206.0
205.0
185.0
185.0
186.0
186.0
187.0
223.0
226.0
224.0
221.0
222.0
222.0
222.0
223.0
224.0
242.0
242.0
242.0
242.0
242.0
270.0
276.0
288.0
288.0
288.0
288.0
312.0
321.0
320.0
320.0
320.0
295.0
306.0
307.0
307.0
306.0
308.0
284.0
274.0
275.0
275.0
276.0
266.0
247.0
248.0
247.0
247.0
235.0
224.0
225.0
224.0
224.0
224.0
231.0
231.0
229.0
231.0
230.0
231.0
231.0
232.0
232.0
232.0
252.0
252.0
252.0
252.0
265.0
263.0
282.0
282.0
282.0
283.0
308.0
317.0
316.0
316.0
317.0
301.0
304.0
307.0
304.0
304.0
305.0
306.0
306.0
296.0
297.0
296.0
300.0
255.0
254.0
254.0
255.0
254.0
232.0
233.0
235.0
232.0
232.0
238.0
239.0
238.0
238.0
240.0
239.0
238.0
241.0
239.0
240.0
261.0
261.0
261.0
261.0
286.0
294.0
315.0
315.0
315.0
315.0
337.0
337.0
343.0
343.0
343.0
332.0
345.0
347.0
344.0
344.0
346.0
312.0
313.0
293.0
292.0
293.0
293.0
262.0
261.0
261.0
262.0
260.0
238.0
238.0
239.0
238.0
240.0
246.0
246.0
245.0
247.0
246.0
249.0
247.0
248.0
248.0
248.0
270.0
269.0
267.0
267.0
267.0
290.0
312.0
311.0
310.0
310.0
312.0
312.0
312.0
312.0
310.0
295.0
286.0
286.0
287.0
286.0
286.0
286.0
288.0
286.0
287.0
286.0
287.0
267.0
269.0
266.0
265.0
266.0
244.0
243.0
243.0
243.0
243.0
251.0
251.0
250.0
250.0
251.0
249.0
251.0
251.0
251.0
251.0
271.0
271.0
271.0
271.0
271.0
295.0
315.0
315.0
315.0
315.0
338.0
338.0
358.0
358.0
358.0
342.0
356.0
357.0
355.0
356.0
346.0
323.0
324.0
303.0
303.0
302.0
304.0
262.0
262.0
261.0
262.0
261.0
239.0
238.0
238.0
239.0
240.0
247.0
246.0
245.0
245.0
246.0
246.0
246.0
248.0
246.0
246.0
267.0
267.0
267.0
267.0
291.0
288.0
310.0
309.0
309.0
310.0
322.0
320.0
320.0
320.0
320.0
304.0
306.0
307.0
308.0
305.0
306.0
296.0
296.0
296.0
295.0
295.0
296.0
263.0
263.0
265.0
264.0
265.0
242.0
242.0
243.0
241.0
242.0
249.0
248.0
248.0
249.0
250.0
249.0
248.0
248.0
248.0
248.0
270.0
269.0
269.0
269.0
269.0
290.0
312.0
311.0
312.0
312.0
327.0
323.0
344.0
344.0
344.0
344.0
329.0
328.0
330.0
329.0
329.0
328.0
329.0
309.0
309.0
309.0
310.0
268.0
266.0
267.0
266.0
266.0
244.0
246.0
244.0
244.0
245.0
251.0
251.0
250.0
251.0
251.0
250.0
251.0
251.0
250.0
251.0
272.0
272.0
272.0
270.0
270.0
306.0
327.0
327.0
326.0
326.0
325.0
349.0
361.0
360.0
358.0
359.0
346.0
345.0
346.0
346.0
334.0
312.0
313.0
302.0
303.0
303.0
302.0
268.0
269.0
269.0
269.0
268.0
248.0
248.0
246.0
247.0
248.0
254.0
253.0
252.0
254.0
254.0
254.0
254.0
255.0
253.0
254.0
275.0
274.0
274.0
274.0
274.0
298.0
318.0
318.0
318.0
318.0
343.0
341.0
341.0
340.0
341.0
341.0
328.0
325.0
325.0
325.0
326.0
303.0
304.0
303.0
304.0
302.0
304.0
272.0
272.0
262.0
262.0
263.0
239.0
242.0
240.0
239.0
240.0
247.0
247.0
245.0
246.0
247.0
245.0
247.0
247.0
247.0
248.0
268.0
267.0
267.0
267.0
267.0
291.0
311.0
310.0
310.0
310.0
310.0
334.0
334.0
333.0
333.0
333.0
307.0
