13.75
15.25
15.375
15.375
15.25
15.375
15.25
15.625
12.75
13.0
12.625
12.75
12.75
12.75
12.625
12.75
12.625
12.75
12.875
12.75
12.625
12.75
12.75
12.75
12.625
12.625
12.875
12.625
12.75
12.75
12.625
12.75
12.75
12.75
12.625
12.875
12.625
12.625
12.5
12.875
12.5
12.75
12.75
12.625
12.75
12.75
12.875
12.625
12.75
12.75
12.625
12.75
12.875
12.625
12.875
12.625
12.625
12.75
12.75
12.625
12.625
12.875
12.75
12.625
12.875
12.625
12.75
12.75
12.75
12.625
12.75
12.75
12.5
12.875
12.75
12.75
12.75
12.75
12.625
12.75
12.75
12.875
12.625
12.75
12.625
12.875
12.625
12.75
12.75
12.875
12.75
12.5
12.875
12.75
12.75
12.75
12.875
12.75
12.625
12.75
12.75
12.75
12.875
12.625
12.75
12.75
12.75
12.75
12.75
12.75
12.75
12.75
12.75
12.75
12.75
12.625
12.75
12.75
12.75
12.75
12.75
12.75
12.625
12.75
12.875
12.75
12.75
12.625
12.75
12.75
12.75
12.75
12.875
12.625
12.875
12.625
12.75
12.75
12.75
12.75
12.75
12.75
12.75
12.625
12.875
12.75
12.625
12.875
12.625
12.625
12.75
12.875
12.75
12.75
12.75
12.625
12.875
12.625
12.625
12.875
12.625
12.625
12.75
12.875
12.625
12.75
12.75
12.75
12.75
12.75
12.875
12.5
12.875
12.75
12.75
12.75
12.875
12.625
12.75
12.875
12.75
12.75
12.625
12.75
12.875
12.625
12.75
12.75
12.5
12.875
12.625
12.75
12.75
12.75
12.625
12.875
12.625
12.75
12.75
12.625
12.75
12.75
12.875
12.625
12.75
12.625
12.875
12.75
12.625
12.75
12.75
12.75
12.625
12.75
12.875
12.75
12.75
12.625
12.625
12.875
12.625
12.75
12.75
12.75
12.75
12.625
12.75
12.75
12.75
12.75
12.75
12.75
12.75
12.625
12.875
12.75
12.75
12.75
12.75
12.5
12.75
12.75
12.875
12.625
12.625
12.75
12.875
12.625
12.75
12.875
12.875
12.75
12.625
12.75
12.875
12.5
12.875
12.75
12.75
12.75
12.875
12.625
12.625
12.875
12.625
12.75
12.75
12.625
12.75
11.5
1.5
0.75
