182.0
183.0
183.0
182.0
182.0
182.0
182.0
182.0
182.0
183.0
184.0
184.0
184.0
183.0
183.0
183.0
184.0
184.0
184.0
183.0
183.0
183.0
183.0
184.0
184.0
184.0
183.0
183.0
183.0
183.0
184.0
184.0
183.0
183.0
183.0
183.0
184.0
184.0
184.0
183.0
183.0
183.0
183.0
184.0
184.0
183.0
185.0
186.0
186.0
186.0
187.0
187.0
185.0
186.0
186.0
186.0
186.0
187.0
186.0
186.0
186.0
186.0
187.0
187.0
187.0
186.0
186.0
186.0
186.0
187.0
187.0
186.0
186.0
186.0
186.0
187.0
187.0
187.0
186.0
186.0
186.0
187.0
187.0
187.0
186.0
186.0
186.0
187.0
187.0
187.0
187.0
186.0
186.0
186.0
187.0
187.0
187.0
186.0
186.0
186.0
187.0
187.0
187.0
188.0
186.0
186.0
187.0
187.0
187.0
187.0
186.0
186.0
187.0
187.0
187.0
187.0
188.0
186.0
187.0
187.0
187.0
188.0
188.0
186.0
187.0
187.0
187.0
188.0
188.0
187.0
187.0
187.0
187.0
188.0
188.0
188.0
187.0
187.0
187.0
187.0
188.0
188.0
187.0
187.0
187.0
187.0
188.0
188.0
188.0
187.0
187.0
187.0
188.0
188.0
188.0
187.0
187.0
187.0
188.0
188.0
188.0
188.0
187.0
187.0
187.0
188.0
188.0
188.0
187.0
187.0
187.0
188.0
188.0
188.0
188.0
187.0
187.0
187.0
188.0
188.0
188.0
187.0
188.0
188.0
188.0
188.0
189.0
189.0
187.0
188.0
188.0
188.0
188.0
189.0
187.0
188.0
188.0
188.0
188.0
189.0
189.0
187.0
188.0
188.0
188.0
189.0
189.0
188.0
188.0
188.0
188.0
189.0
189.0
189.0
188.0
188.0
188.0
188.0
189.0
189.0
186.0
186.0
186.0
187.0
187.0
187.0
187.0
186.0
186.0
187.0
187.0
187.0
187.0
186.0
186.0
187.0
187.0
187.0
187.0
186.0
186.0
187.0
187.0
187.0
187.0
188.0
186.0
186.0
187.0
187.0
187.0
187.0
186.0
186.0
187.0
187.0
187.0
188.0
188.0
187.0
187.0
187.0
187.0
188.0
188.0
187.0
187.0
187.0
187.0
188.0
188.0
188.0
187.0
187.0
187.0
187.0
188.0
188.0
187.0
187.0
187.0
188.0
188.0
188.0
188.0
187.0
187.0
187.0
188.0
188.0
188.0
187.0
187.0
187.0
188.0
188.0
188.0
188.0
187.0
187.0
187.0
188.0
188.0
188.0
187.0
187.0
188.0
188.0
188.0
188.0
187.0
187.0
188.0
188.0
188.0
188.0
189.0
187.0
188.0
188.0
188.0
188.0
188.0
187.0
188.0
188.0
188.0
188.0
189.0
189.0
187.0
188.0
188.0
188.0
189.0
189.0
188.0
188.0
188.0
188.0
189.0
189.0
189.0
188.0
188.0
188.0
188.0
189.0
189.0
188.0
188.0
188.0
188.0
189.0
189.0
189.0
188.0
188.0
189.0
189.0
189.0
189.0
188.0
188.0
188.0
189.0
189.0
189.0
188.0
188.0
188.0
189.0
189.0
189.0
189.0
188.0
188.0
188.0
189.0
189.0
189.0
188.0
188.0
189.0
189.0
189.0
190.0
190.0
188.0
189.0
189.0
189.0
189.0
190.0
188.0
189.0
189.0
189.0
189.0
190.0
190.0
188.0
189.0
189.0
189.0
189.0
190.0
188.0
189.0
189.0
189.0
190.0
190.0
190.0
189.0
189.0
189.0
189.0
190.0
190.0
189.0
189.0
189.0
189.0
190.0
190.0
190.0
189.0
189.0
189.0
190.0
190.0
190.0
189.0
189.0
189.0
190.0
190.0
190.0
189.0
189.0
189.0
189.0
190.0
190.0
190.0
189.0
189.0
189.0
190.0
190.0
190.0
189.0
189.0
189.0
190.0
190.0
190.0
191.0
189.0
189.0
190.0
190.0
190.0
191.0
189.0
190.0
190.0
190.0
190.0
191.0
191.0
189.0
190.0
190.0
190.0
190.0
191.0
189.0
190.0
190.0
190.0
190.0
191.0
191.0
189.0
190.0
190.0
190.0
191.0
191.0
190.0
190.0
190.0
190.0
191.0
191.0
191.0
190.0
190.0
190.0
191.0
191.0
191.0
190.0
190.0
190.0
190.0
191.0
191.0
191.0
190.0
190.0
190.0
191.0
191.0
191.0
190.0
190.0
190.0
191.0
191.0
191.0
190.0
190.0
190.0
191.0
191.0
191.0
191.0
190.0
190.0
190.0
191.0
191.0
191.0
190.0
191.0
191.0
191.0
191.0
192.0
190.0
191.0
191.0
191.0
191.0
192.0
190.0
191.0
191.0
191.0
192.0
192.0
191.0
191.0
191.0
192.0
192.0
192.0
192.0
191.0
191.0
192.0
192.0
192.0
192.0
191.0
191.0
192.0
192.0
192.0
192.0
193.0
191.0
191.0
192.0
192.0
192.0
192.0
191.0
192.0
192.0
192.0
192.0
193.0
193.0
191.0
192.0
192.0
192.0
193.0
193.0
192.0
192.0
192.0
192.0
193.0
193.0
193.0
192.0
