129.0
161.0
154.0
134.0
138.0
146.0
132.0
160.0
146.0
132.0
144.0
129.0
139.0
131.0
151.0
135.0
134.0
141.0
132.0
136.0
144.0
130.0
139.0
163.0
136.0
132.0
147.0
131.0
134.0
129.0
134.0
156.0
148.0
139.0
134.0
144.0
137.0
150.0
132.0
141.0
143.0
149.0
131.0
144.0
132.0
138.0
149.0
137.0
150.0
131.0
134.0
138.0
140.0
149.0
132.0
139.0
146.0
132.0
137.0
145.0
131.0
134.0
141.0
149.0
135.0
147.0
132.0
159.0
134.0
139.0
146.0
131.0
132.0
132.0
132.0
136.0
131.0
139.0
146.0
136.0
159.0
150.0
135.0
143.0
148.0
133.0
140.0
148.0
136.0
136.0
140.0
150.0
139.0
142.0
149.0
131.0
157.0
130.0
135.0
161.0
135.0
140.0
146.0
132.0
134.0
132.0
143.0
152.0
132.0
134.0
150.0
172.0
144.0
150.0
130.0
135.0
135.0
129.0
140.0
150.0
131.0
136.0
133.0
134.0
135.0
152.0
136.0
151.0
133.0
136.0
137.0
142.0
151.0
131.0
155.0
133.0
136.0
152.0
150.0
134.0
140.0
148.0
130.0
133.0
139.0
143.0
150.0
136.0
148.0
132.0
136.0
135.0
141.0
141.0
143.0
150.0
139.0
148.0
131.0
158.0
131.0
160.0
138.0
133.0
138.0
142.0
144.0
150.0
134.0
144.0
152.0
131.0
135.0
134.0
157.0
155.0
