138.0
141.0
138.0
151.0
147.0
147.0
147.0
148.0
150.0
148.0
148.0
148.0
169.0
170.0
170.0
170.0
171.0
171.0
170.0
170.0
171.0
208.0
206.0
206.0
215.0
219.0
215.0
215.0
215.0
215.0
215.0
222.0
206.0
205.0
205.0
204.0
203.0
237.0
225.0
225.0
225.0
225.0
225.0
250.0
246.0
246.0
246.0
246.0
246.0
246.0
246.0
255.0
255.0
255.0
238.0
239.0
239.0
239.0
239.0
239.0
239.0
239.0
239.0
239.0
239.0
239.0
240.0
240.0
240.0
240.0
240.0
249.0
249.0
249.0
249.0
249.0
249.0
250.0
249.0
250.0
242.0
242.0
242.0
242.0
242.0
266.0
253.0
253.0
253.0
253.0
253.0
271.0
271.0
271.0
271.0
271.0
271.0
271.0
271.0
271.0
271.0
261.0
244.0
244.0
244.0
244.0
244.0
244.0
244.0
244.0
245.0
244.0
245.0
245.0
245.0
245.0
245.0
245.0
255.0
259.0
256.0
255.0
255.0
255.0
255.0
257.0
255.0
256.0
247.0
247.0
247.0
247.0
246.0
258.0
258.0
258.0
257.0
258.0
257.0
275.0
275.0
275.0
275.0
275.0
275.0
275.0
275.0
276.0
265.0
265.0
248.0
248.0
249.0
249.0
249.0
249.0
248.0
249.0
249.0
249.0
249.0
249.0
249.0
250.0
250.0
250.0
250.0
259.0
263.0
259.0
259.0
259.0
259.0
259.0
259.0
251.0
251.0
251.0
251.0
251.0
251.0
275.0
262.0
262.0
263.0
262.0
263.0
280.0
280.0
280.0
280.0
280.0
280.0
283.0
270.0
271.0
271.0
271.0
254.0
256.0
254.0
254.0
254.0
255.0
255.0
255.0
254.0
255.0
255.0
255.0
255.0
255.0
256.0
256.0
256.0
265.0
264.0
265.0
265.0
265.0
265.0
265.0
265.0
266.0
257.0
257.0
257.0
257.0
257.0
281.0
268.0
268.0
268.0
268.0
268.0
286.0
286.0
286.0
286.0
286.0
286.0
287.0
287.0
287.0
287.0
276.0
259.0
260.0
260.0
260.0
260.0
260.0
260.0
260.0
260.0
260.0
260.0
261.0
261.0
263.0
261.0
261.0
262.0
270.0
270.0
270.0
271.0
271.0
271.0
271.0
271.0
263.0
263.0
263.0
263.0
263.0
263.0
287.0
274.0
274.0
274.0
274.0
274.0
292.0
291.0
291.0
291.0
291.0
292.0
292.0
292.0
292.0
281.0
284.0
265.0
265.0
265.0
265.0
265.0
265.0
265.0
265.0
266.0
266.0
266.0
266.0
266.0
266.0
266.0
267.0
267.0
275.0
275.0
275.0
276.0
276.0
276.0
276.0
276.0
277.0
268.0
268.0
268.0
268.0
268.0
291.0
279.0
279.0
279.0
279.0
279.0
296.0
296.0
297.0
296.0
296.0
297.0
297.0
299.0
297.0
297.0
286.0
270.0
270.0
270.0
270.0
270.0
270.0
270.0
271.0
271.0
270.0
271.0
271.0
271.0
271.0
271.0
271.0
271.0
280.0
280.0
281.0
281.0
281.0
281.0
285.0
283.0
273.0
273.0
273.0
273.0
273.0
273.0
285.0
284.0
284.0
284.0
284.0
284.0
302.0
301.0
301.0
301.0
301.0
301.0
304.0
291.0
291.0
291.0
292.0
275.0
275.0
275.0
275.0
275.0
275.0
275.0
275.0
275.0
276.0
276.0
276.0
276.0
276.0
276.0
277.0
277.0
285.0
285.0
285.0
286.0
286.0
286.0
286.0
286.0
287.0
278.0
278.0
278.0
278.0
278.0
302.0
289.0
289.0
289.0
289.0
289.0
307.0
307.0
307.0
307.0
307.0
307.0
307.0
307.0
307.0
307.0
297.0
280.0
280.0
280.0
280.0
280.0
283.0
281.0
281.0
280.0
281.0
281.0
281.0
281.0
280.0
281.0
281.0
281.0
290.0
289.0
290.0
290.0
290.0
290.0
290.0
290.0
291.0
282.0
282.0
282.0
282.0
282.0
306.0
294.0
294.0
294.0
294.0
294.0
294.0
311.0
311.0
311.0
311.0
311.0
