142.0
145.0
143.0
150.0
150.0
150.0
150.0
151.0
151.0
151.0
151.0
172.0
173.0
173.0
173.0
173.0
173.0
173.0
173.0
173.0
174.0
210.0
212.0
219.0
220.0
222.0
220.0
220.0
220.0
220.0
220.0
218.0
210.0
210.0
208.0
208.0
208.0
242.0
230.0
229.0
229.0
229.0
229.0
254.0
254.0
254.0
254.0
254.0
254.0
254.0
254.0
254.0
262.0
262.0
263.0
246.0
246.0
246.0
248.0
246.0
246.0
246.0
246.0
246.0
246.0
246.0
246.0
247.0
247.0
247.0
249.0
247.0
256.0
256.0
258.0
256.0
256.0
256.0
256.0
248.0
249.0
249.0
249.0
249.0
249.0
249.0
272.0
260.0
260.0
260.0
260.0
260.0
277.0
277.0
277.0
277.0
277.0
278.0
277.0
278.0
278.0
278.0
267.0
268.0
251.0
251.0
251.0
251.0
251.0
251.0
251.0
251.0
252.0
251.0
252.0
252.0
252.0
252.0
252.0
252.0
261.0
261.0
261.0
262.0
261.0
264.0
262.0
262.0
262.0
263.0
254.0
254.0
254.0
254.0
254.0
277.0
265.0
265.0
265.0
265.0
265.0
283.0
282.0
282.0
282.0
282.0
283.0
283.0
272.0
272.0
272.0
272.0
272.0
256.0
256.0
256.0
256.0
256.0
256.0
256.0
256.0
257.0
257.0
256.0
257.0
257.0
257.0
257.0
257.0
259.0
266.0
266.0
266.0
268.0
267.0
267.0
267.0
267.0
268.0
259.0
259.0
259.0
259.0
259.0
282.0
270.0
270.0
270.0
270.0
270.0
287.0
288.0
288.0
287.0
287.0
288.0
288.0
277.0
278.0
278.0
278.0
261.0
261.0
261.0
261.0
261.0
261.0
262.0
261.0
261.0
262.0
262.0
262.0
262.0
262.0
262.0
263.0
263.0
263.0
272.0
271.0
272.0
274.0
272.0
272.0
272.0
272.0
264.0
264.0
264.0
264.0
264.0
264.0
288.0
275.0
275.0
275.0
275.0
276.0
294.0
294.0
294.0
294.0
294.0
294.0
294.0
283.0
284.0
284.0
284.0
267.0
267.0
267.0
267.0
267.0
267.0
267.0
267.0
267.0
268.0
268.0
268.0
267.0
267.0
268.0
270.0
268.0
268.0
277.0
277.0
277.0
277.0
277.0
278.0
278.0
277.0
270.0
269.0
269.0
269.0
269.0
270.0
293.0
281.0
281.0
281.0
281.0
281.0
300.0
298.0
298.0
298.0
298.0
298.0
298.0
298.0
299.0
299.0
288.0
280.0
272.0
272.0
272.0
272.0
272.0
272.0
272.0
272.0
273.0
272.0
272.0
273.0
273.0
273.0
273.0
274.0
274.0
282.0
282.0
283.0
283.0
283.0
283.0
283.0
283.0
284.0
275.0
275.0
275.0
275.0
275.0
299.0
286.0
287.0
287.0
286.0
287.0
304.0
304.0
304.0
304.0
304.0
304.0
304.0
293.0
294.0
294.0
294.0
277.0
277.0
277.0
278.0
278.0
277.0
277.0
278.0
278.0
278.0
278.0
278.0
278.0
278.0
279.0
279.0
279.0
279.0
288.0
287.0
288.0
288.0
288.0
288.0
288.0
290.0
281.0
280.0
280.0
280.0
280.0
280.0
292.0
291.0
291.0
291.0
292.0
291.0
309.0
309.0
309.0
309.0
309.0
309.0
309.0
309.0
310.0
299.0
299.0
282.0
283.0
283.0
283.0
282.0
283.0
283.0
283.0
283.0
283.0
283.0
283.0
284.0
284.0
284.0
286.0
284.0
293.0
293.0
293.0
297.0
293.0
293.0
293.0
293.0
294.0
285.0
285.0
285.0
285.0
285.0
309.0
297.0
297.0
297.0
297.0
297.0
314.0
314.0
314.0
314.0
314.0
314.0
314.0
306.0
304.0
304.0
304.0
287.0
287.0
288.0
288.0
288.0
288.0
288.0
288.0
288.0
288.0
288.0
288.0
288.0
289.0
289.0
289.0
289.0
298.0
298.0
302.0
298.0
298.0
298.0
298.0
289.0
290.0
290.0
290.0
290.0
290.0
290.0
314.0
302.0
302.0
302.0
302.0
302.0
319.0
319.0
319.0
319.0
319.0
319.0
