3.2
3.2
3.3
3.3
3.3
3.3
3.3
3.3
3.3
3.3
3.3
3.3
3.4
3.4
3.4
3.2
3.2
3.2
3.3
3.3
3.2
3.9
4.0
4.0
3.9
3.9
3.9
3.9
3.9
3.9
3.9
4.3
4.3
4.3
4.3
4.3
4.7
5.1
5.1
5.1
5.1
5.3
5.5
5.9
5.9
5.9
5.9
5.4
5.4
5.4
5.4
5.4
5.0
5.0
4.7
4.7
4.7
4.7
4.4
4.4
4.4
4.4
4.4
4.0
4.0
4.0
4.0
4.0
4.1
4.1
4.1
4.1
4.1
4.1
4.1
4.1
4.1
4.1
4.4
4.4
4.4
4.4
4.4
4.9
5.2
5.2
5.2
5.2
5.2
5.4
5.4
5.4
5.4
5.4
5.1
5.1
5.2
5.1
5.2
5.0
5.0
5.0
5.0
5.0
5.0
4.5
4.5
4.5
4.5
4.5
4.1
4.1
4.1
4.1
4.1
4.2
4.2
4.2
4.2
4.2
4.2
4.2
4.2
4.2
4.2
4.6
4.6
4.6
4.6
4.6
5.0
5.4
5.4
5.4
5.4
5.4
5.4
5.4
5.4
5.4
5.4
4.9
5.1
5.1
5.1
5.1
5.1
5.1
5.1
5.1
5.1
5.0
4.6
4.6
4.6
4.6
4.6
4.2
4.2
4.2
4.2
4.2
4.3
4.3
4.3
4.3
4.3
4.3
4.3
4.3
4.3
4.4
4.3
4.7
4.7
4.7
4.7
4.9
5.3
5.3
5.3
5.3
5.3
5.7
5.9
5.9
5.9
5.9
5.8
5.8
5.6
5.6
5.6
5.6
5.4
5.2
5.2
5.2
5.3
5.1
4.7
4.7
4.7
4.7
4.3
4.3
4.3
4.3
4.3
4.3
4.4
4.4
4.4
4.4
4.4
4.4
4.4
4.4
4.4
4.4
4.8
4.8
4.8
4.8
5.0
5.4
5.4
5.4
5.4
5.4
5.6
5.6
5.6
5.6
5.6
5.1
5.3
5.4
5.3
5.4
5.2
5.2
5.2
5.2
5.2
5.2
5.0
4.6
4.6
4.6
4.6
4.6
4.2
4.2
4.2
4.2
4.2
4.3
4.3
4.3
4.3
4.3
4.3
4.3
4.3
4.3
4.3
4.7
4.7
4.7
4.7
4.7
5.1
5.5
5.5
5.5
5.5
5.5
5.9
6.1
6.0
6.0
6.0
5.6
5.8
5.8
5.8
5.8
5.4
5.4
5.2
5.2
5.2
5.2
5.0
4.7
4.7
4.7
4.6
4.7
4.2
4.2
4.2
4.2
4.2
4.4
4.4
4.3
4.4
4.4
4.3
4.4
4.4
4.3
4.4
4.7
4.7
4.7
4.7
4.7
5.2
5.5
5.5
5.5
5.5
5.5
5.9
5.9
5.9
5.9
5.9
5.5
5.5
5.5
5.5
5.5
5.5
5.3
5.1
5.0
5.1
5.1
4.7
4.7
4.7
4.7
4.7
4.3
4.3
4.3
4.3
4.4
4.3
4.4
4.4
4.4
4.4
4.4
4.4
4.4
4.4
4.4
4.4
4.8
4.8
4.8
4.8
5.2
5.6
5.6
5.6
5.6
5.6
6.0
6.0
6.0
6.0
6.0
5.5
5.9
5.9
5.9
5.9
5.5
5.5
5.5
5.5
5.5
5.5
5.1
4.8
4.8
4.8
4.8
4.8
4.4
4.4
4.4
4.4
4.4
4.5
4.5
4.5
4.5
4.5
4.5
4.5
4.5
4.5
4.5
4.9
4.8
4.8
4.8
4.8
5.2
5.6
5.6
5.6
5.6
5.6
6.0
6.0
6.0
6.0
6.0
5.6
5.6
5.6
5.6
5.6
5.2
5.2
5.2
5.2
5.2
5.2
5.2
4.8
4.8
4.6
4.6
4.4
4.2
4.2
4.2
4.2
4.2
4.4
4.4
4.3
4.4
4.4
4.4
4.4
4.4
4.4
4.4
4.7
4.7
4.7
4.7
4.7
5.1
5.5
5.5
5.5
5.5
5.5
5.9
5.9
5.9
5.9
5.9
6.1
