183.0
183.0
185.0
184.0
185.0
189.0
187.0
187.0
188.0
188.0
188.0
189.0
192.0
193.0
193.0
183.0
182.0
183.0
184.0
185.0
184.0
218.0
223.0
224.0
219.0
220.0
219.0
219.0
219.0
219.0
220.0
241.0
240.0
240.0
240.0
240.0
265.0
286.0
286.0
286.0
286.0
299.0
310.0
330.0
330.0
330.0
330.0
305.0
305.0
306.0
305.0
306.0
283.0
284.0
264.0
264.0
265.0
265.0
246.0
245.0
246.0
246.0
246.0
223.0
223.0
224.0
223.0
224.0
231.0
232.0
229.0
230.0
229.0
229.0
229.0
230.0
231.0
231.0
251.0
250.0
250.0
250.0
250.0
274.0
294.0
293.0
294.0
294.0
294.0
305.0
304.0
304.0
304.0
304.0
290.0
289.0
290.0
289.0
291.0
280.0
282.0
282.0
282.0
281.0
282.0
252.0
251.0
253.0
252.0
253.0
229.0
230.0
230.0
231.0
231.0
238.0
239.0
236.0
237.0
238.0
238.0
237.0
238.0
238.0
238.0
260.0
259.0
259.0
259.0
259.0
280.0
302.0
301.0
301.0
301.0
301.0
301.0
302.0
301.0
301.0
301.0
276.0
285.0
287.0
288.0
287.0
288.0
287.0
288.0
287.0
288.0
279.0
259.0
258.0
260.0
259.0
260.0
236.0
238.0
237.0
236.0
237.0
244.0
243.0
241.0
243.0
242.0
242.0
243.0
244.0
243.0
246.0
244.0
264.0
264.0
264.0
264.0
277.0
297.0
296.0
296.0
296.0
296.0
321.0
330.0
329.0
329.0
329.0
323.0
325.0
316.0
316.0
315.0
316.0
304.0
295.0
294.0
295.0
296.0
285.0
265.0
266.0
265.0
265.0
242.0
242.0
243.0
243.0
243.0
243.0
249.0
249.0
249.0
248.0
250.0
249.0
248.0
250.0
249.0
249.0
270.0
270.0
270.0
270.0
281.0
304.0
301.0
301.0
301.0
301.0
314.0
314.0
313.0
313.0
313.0
288.0
300.0
302.0
301.0
301.0
291.0
291.0
291.0
291.0
292.0
291.0
280.0
260.0
259.0
261.0
260.0
261.0
237.0
237.0
238.0
237.0
238.0
244.0
244.0
242.0
243.0
243.0
243.0
243.0
244.0
242.0
243.0
265.0
264.0
264.0
264.0
264.0
286.0
308.0
307.0
307.0
307.0
307.0
329.0
340.0
339.0
340.0
340.0
314.0
325.0
326.0
325.0
325.0
303.0
304.0
292.0
293.0
295.0
294.0
283.0
262.0
262.0
264.0
262.0
263.0
238.0
239.0
240.0
240.0
239.0
248.0
246.0
245.0
246.0
246.0
244.0
246.0
247.0
245.0
246.0
266.0
265.0
266.0
265.0
265.0
290.0
310.0
309.0
309.0
309.0
310.0
333.0
332.0
332.0
332.0
333.0
310.0
307.0
307.0
307.0
307.0
308.0
297.0
285.0
284.0
286.0
285.0
265.0
265.0
267.0
265.0
266.0
244.0
242.0
243.0
242.0
245.0
244.0
249.0
248.0
249.0
248.0
249.0
249.0
248.0
250.0
250.0
248.0
269.0
269.0
269.0
270.0
294.0
315.0
313.0
312.0
313.0
313.0
337.0
336.0
335.0
335.0
336.0
310.0
334.0
334.0
334.0
333.0
310.0
311.0
310.0
311.0
310.0
311.0
288.0
269.0
269.0
269.0
269.0
268.0
247.0
246.0
247.0
248.0
247.0
252.0
253.0
252.0
253.0
252.0
252.0
252.0
253.0
252.0
252.0
274.0
273.0
273.0
273.0
273.0
295.0
316.0
316.0
316.0
316.0
316.0
338.0
339.0
338.0
338.0
338.0
313.0
313.0
315.0
314.0
314.0
291.0
291.0
291.0
292.0
291.0
291.0
290.0
272.0
271.0
261.0
261.0
248.0
239.0
238.0
239.0
239.0
239.0
245.0
246.0
245.0
245.0
246.0
246.0
246.0
248.0
246.0
246.0
266.0
265.0
265.0
265.0
265.0
288.0
308.0
308.0
308.0
308.0
308.0
332.0
331.0
331.0
331.0
331.0
342.0
