11.6
12.5
12.5
12.625
12.625
12.625
12.625
12.625
12.625
12.625
12.625
12.75
12.75
12.625
12.75
12.5
12.625
12.625
12.75
12.5
12.75
12.5
12.625
12.75
12.75
12.5
12.625
12.625
12.625
12.625
12.625
12.625
12.625
12.625
12.625
12.625
12.75
12.625
12.625
12.625
12.625
12.625
12.625
12.625
12.625
12.625
12.625
12.75
12.625
12.5
12.75
12.625
12.625
12.75
12.5
12.625
12.75
12.625
12.625
12.75
12.625
12.625
12.5
12.75
12.625
12.75
12.625
12.625
12.75
12.75
12.875
12.625
12.875
12.625
12.875
12.75
12.75
12.875
12.625
12.875
12.75
12.75
12.75
12.75
12.875
12.75
12.875
12.75
12.75
12.875
12.875
12.625
12.875
12.875
12.75
12.75
12.625
12.625
13.0
12.75
12.75
12.75
12.875
12.625
12.75
12.875
12.875
12.75
12.625
12.875
12.875
12.625
12.75
12.75
12.875
12.75
12.875
12.75
12.75
12.75
12.625
12.875
12.75
12.75
12.75
12.75
12.875
12.875
12.75
12.75
12.75
12.625
13.0
13.0
12.625
12.75
12.75
12.75
12.875
12.75
12.875
12.75
12.75
12.875
12.75
12.625
12.875
12.875
12.75
12.875
12.875
12.75
12.75
12.75
12.75
12.625
12.875
13.0
12.625
12.875
12.75
12.75
12.875
12.75
12.75
12.625
12.875
12.875
12.75
12.875
12.625
12.875
12.75
12.75
12.875
12.5
12.875
12.875
12.625
12.75
12.875
12.875
12.625
12.75
12.875
12.625
12.75
12.875
12.875
12.625
12.75
12.875
12.75
12.625
12.875
12.875
12.625
12.75
12.875
12.75
12.625
12.75
12.875
12.875
12.625
12.75
12.75
12.75
12.875
12.875
12.625
12.875
12.625
12.75
12.875
12.75
12.75
12.875
12.75
12.75
12.625
12.75
12.625
12.75
12.75
3.25
0.0
