180.0
183.0
183.0
183.0
184.0
184.0
184.0
184.0
184.0
184.0
184.0
185.0
185.0
185.0
185.0
185.0
185.0
185.0
186.0
186.0
186.0
186.0
186.0
186.0
186.0
186.0
187.0
187.0
187.0
187.0
187.0
187.0
187.0
187.0
187.0
187.0
187.0
187.0
187.0
187.0
187.0
187.0
187.0
187.0
187.0
187.0
187.0
187.0
187.0
187.0
187.0
187.0
187.0
187.0
187.0
187.0
187.0
187.0
188.0
188.0
188.0
188.0
188.0
188.0
188.0
188.0
188.0
188.0
188.0
188.0
188.0
188.0
188.0
188.0
188.0
188.0
188.0
188.0
188.0
188.0
188.0
188.0
188.0
188.0
188.0
188.0
188.0
188.0
188.0
188.0
188.0
188.0
188.0
188.0
188.0
188.0
188.0
188.0
188.0
188.0
188.0
188.0
188.0
188.0
188.0
188.0
188.0
188.0
188.0
188.0
188.0
188.0
188.0
188.0
188.0
188.0
188.0
188.0
188.0
188.0
188.0
188.0
188.0
188.0
188.0
188.0
188.0
188.0
188.0
188.0
188.0
188.0
188.0
188.0
188.0
188.0
188.0
188.0
188.0
188.0
188.0
188.0
188.0
188.0
188.0
188.0
188.0
188.0
188.0
188.0
188.0
188.0
188.0
188.0
188.0
188.0
188.0
188.0
188.0
188.0
188.0
188.0
188.0
188.0
188.0
188.0
188.0
188.0
188.0
188.0
188.0
188.0
188.0
188.0
188.0
188.0
188.0
188.0
188.0
188.0
188.0
188.0
188.0
188.0
188.0
188.0
188.0
188.0
188.0
188.0
188.0
188.0
188.0
188.0
188.0
188.0
188.0
188.0
188.0
188.0
188.0
188.0
188.0
188.0
188.0
188.0
188.0
188.0
188.0
188.0
188.0
188.0
188.0
188.0
188.0
188.0
188.0
188.0
188.0
188.0
188.0
188.0
188.0
188.0
188.0
188.0
176.0
