0.425
2.25
4.5
3.25
2.375
4.75
4.5
4.625
4.0
3.25
4.5
1.375
1.5
2.125
1.25
2.25
1.125
2.0
1.125
5.25
5.625
2.75
2.25
4.75
2.375
3.125
5.375
2.75
2.875
5.5
3.0
2.0
1.625
1.25
1.125
3.5
2.875
2.0
1.125
2.0
1.875
1.875
2.75
1.125
1.25
1.125
2.375
1.75
1.375
4.625
2.875
3.75
5.0
4.0
4.25
4.375
3.5
4.25
1.0
1.5
2.0
1.25
2.5
1.125
1.75
1.0
5.25
2.125
2.375
3.0
5.375
3.125
2.625
5.5
3.0
4.375
4.875
3.0
1.25
1.5
1.5
1.25
2.875
3.5
1.75
1.125
1.75
1.25
2.5
2.875
1.875
1.25
1.125
2.375
2.0
1.125
4.875
2.625
2.375
5.125
3.125
4.375
3.375
2.75
3.5
1.0
1.625
2.0
1.125
2.125
1.125
1.0
2.0
4.125
2.375
2.25
2.75
4.375
3.125
3.875
5.625
3.375
3.875
5.125
3.125
1.25
1.125
1.625
1.375
3.0
2.75
1.75
2.0
1.25
2.125
2.0
2.125
1.125
2.125
1.25
2.125
1.875
1.375
4.875
3.375
2.75
4.5
5.0
3.75
4.625
3.75
3.0
1.75
1.5
2.125
1.25
2.25
1.125
1.0
2.125
4.75
2.625
2.125
2.75
3.625
3.0
3.125
5.875
2.625
4.5
5.25
3.25
2.0
1.375
1.625
2.125
2.25
2.5
2.125
1.125
1.875
2.0
1.625
2.875
2.0
2.125
1.875
2.375
2.5
1.5
4.125
2.625
2.75
3.875
4.125
3.25
4.375
5.25
1.75
1.875
1.625
1.125
1.25
2.375
1.375
1.75
2.0
4.25
1.375
3.5
2.875
3.875
5.0
3.125
4.25
5.125
2.75
3.875
2.875
2.125
1.75
2.125
2.0
1.25
2.75
2.25
2.375
1.375
2.75
2.875
2.0
1.25
2.125
2.125
2.375
1.75
2.25
3.5
3.625
2.5
4.5
3.25
2.625
4.25
2.5
2.5
1.125
1.75
1.875
1.0
2.25
1.0
1.125
2.0
3.625
2.375
1.875
2.625
4.0
2.875
4.125
5.625
3.375
3.625
4.625
3.375
2.125
1.0
1.125
0.875
2.75
2.875
2.0
1.75
2.125
2.25
2.0
1.875
2.0
2.0
2.25
2.5
1.625
1.5
4.25
3.5
3.125
4.75
4.875
3.75
3.125
3.625
2.125
2.0
0.875
1.75
1.25
2.5
1.0
1.875
1.125
4.5
1.75
3.125
2.25
5.5
4.0
3.25
6.0
2.75
2.625
4.875
3.375
2.0
1.875
1.5
2.0
2.125
2.5
1.875
2.0
2.125
1.875
1.625
3.0
2.125
1.25
2.0
2.75
1.5
1.5
3.875
2.5
2.75
4.5
4.375
3.125
4.625
4.25
2.25
2.0
2.125
1.125
1.125
2.625
1.125
1.75
1.375
4.5
1.625
2.5
2.625
4.75
3.5
3.25
5.625
2.875
2.875
3.875
3.0
1.875
1.25
1.75
1.375
2.25
3.125
2.0
1.125
1.875
2.125
1.5
2.375
1.875
1.25
2.25
2.0
1.625
1.125
4.125
2.625
3.75
5.375
3.5
3.75
4.125
2.625
3.375
2.125
2.0
2.0
1.25
2.125
1.25
1.0
2.125
4.0
2.375
2.125
4.0
4.75
3.0
3.625
5.125
2.875
2.375
4.25
3.125
1.125
1.875
1.25
1.0
2.625
3.125
2.0
1.125
1.625
1.5
1.75
3.5
2.125
1.25
1.25
2.625
1.875
0.875
4.75
2.5
3.125
4.375
3.5
2.75
5.25
3.0
3.25
2.125
1.75
2.125
1.25
2.0
1.125
1.0
2.0
3.75
2.375
1.75
3.0
4.375
3.25
4.125
4.5
2.875
4.25
5.375
3.125
2.125
1.25
0.75
1.125
2.625
3.25
2.125
1.0
1.75
2.625
1.875
3.125
2.25
2.375
2.125
2.875
1.0
