14.625
15.375
15.625
15.75
15.875
15.625
15.75
16.125
12.875
12.75
12.875
12.75
12.75
12.75
12.875
12.75
12.75
12.75
12.75
13.0
12.5
12.75
12.875
12.875
12.5
12.75
12.875
12.625
12.875
12.75
12.75
12.75
12.75
12.75
12.875
12.75
12.875
12.875
12.625
12.75
12.875
12.875
12.625
12.875
12.75
12.625
12.875
12.875
12.75
13.0
12.375
12.75
12.75
12.625
12.75
12.75
12.75
12.75
12.625
12.75
12.625
12.875
12.625
12.75
12.75
12.75
12.75
12.375
12.625
12.875
12.625
12.75
12.75
12.625
12.875
12.625
12.625
12.875
12.75
12.75
12.625
12.75
12.875
12.75
12.625
12.625
12.75
12.625
12.5
12.75
12.625
12.75
12.75
12.5
12.75
12.625
12.875
12.625
12.75
12.5
12.75
12.625
12.75
12.75
12.875
12.75
12.625
12.75
12.75
12.75
12.75
12.75
12.625
12.875
12.625
12.75
12.625
12.75
12.625
12.75
12.75
12.625
12.875
12.625
12.75
12.75
12.625
12.75
12.625
12.75
12.625
12.625
12.75
12.75
12.625
12.875
12.625
12.875
12.625
12.75
12.75
12.5
12.875
12.75
12.875
12.625
12.875
12.75
12.625
12.875
12.75
12.625
12.875
12.625
12.875
12.75
12.75
12.75
12.625
12.875
12.5
12.75
12.875
12.75
12.625
12.75
12.875
12.625
12.875
12.75
12.625
12.875
12.75
12.625
12.875
12.625
12.75
12.875
12.75
12.75
12.875
12.625
12.75
12.875
12.75
12.75
12.625
12.75
12.75
12.75
12.75
12.875
12.75
12.625
12.875
12.625
12.75
12.75
12.75
12.625
12.625
12.875
12.625
12.75
12.75
12.75
12.75
12.75
12.625
12.875
12.75
12.75
12.75
12.75
12.75
12.75
12.75
12.75
12.625
12.75
12.75
12.75
12.625
12.875
12.75
12.625
12.75
12.75
12.75
12.75
12.75
12.75
12.75
12.75
12.875
12.625
12.75
12.875
12.625
12.875
12.75
12.75
12.75
12.875
12.75
12.625
12.875
12.75
12.625
12.75
12.625
12.75
12.625
12.75
12.625
12.75
12.875
12.625
12.75
12.75
12.875
12.625
12.75
12.875
12.5
2.0
1.0
