118.0
120.0
118.0
118.0
118.0
118.0
118.0
118.0
118.0
118.0
118.0
118.0
119.0
119.0
119.0
119.0
120.0
120.0
120.0
120.0
120.0
120.0
120.0
120.0
120.0
120.0
120.0
120.0
120.0
120.0
120.0
120.0
120.0
120.0
120.0
120.0
119.0
119.0
119.0
119.0
119.0
119.0
119.0
119.0
119.0
119.0
119.0
119.0
119.0
119.0
119.0
119.0
119.0
119.0
119.0
119.0
119.0
119.0
119.0
119.0
119.0
119.0
119.0
119.0
119.0
119.0
119.0
119.0
119.0
119.0
119.0
119.0
119.0
119.0
119.0
119.0
119.0
119.0
119.0
120.0
120.0
120.0
120.0
120.0
119.0
119.0
119.0
119.0
119.0
119.0
120.0
120.0
120.0
120.0
120.0
120.0
120.0
120.0
120.0
120.0
120.0
120.0
120.0
120.0
120.0
120.0
120.0
120.0
120.0
120.0
120.0
120.0
120.0
120.0
120.0
120.0
120.0
120.0
120.0
120.0
122.0
122.0
122.0
122.0
122.0
122.0
122.0
122.0
122.0
122.0
122.0
122.0
122.0
122.0
122.0
122.0
122.0
122.0
122.0
122.0
122.0
122.0
122.0
122.0
122.0
122.0
122.0
122.0
122.0
122.0
122.0
122.0
122.0
123.0
123.0
123.0
123.0
123.0
123.0
123.0
123.0
123.0
123.0
123.0
123.0
123.0
123.0
123.0
123.0
123.0
123.0
123.0
123.0
123.0
123.0
123.0
123.0
123.0
123.0
123.0
123.0
123.0
123.0
123.0
123.0
123.0
123.0
123.0
123.0
123.0
123.0
123.0
123.0
123.0
123.0
123.0
123.0
123.0
123.0
123.0
123.0
123.0
123.0
123.0
123.0
123.0
123.0
124.0
124.0
124.0
124.0
124.0
124.0
124.0
124.0
124.0
124.0
124.0
124.0
124.0
124.0
124.0
124.0
124.0
124.0
124.0
124.0
124.0
124.0
124.0
124.0
124.0
124.0
124.0
124.0
124.0
124.0
124.0
124.0
124.0
124.0
124.0
124.0
124.0
124.0
124.0
124.0
126.0
124.0
124.0
124.0
124.0
124.0
124.0
124.0
124.0
124.0
124.0
124.0
125.0
125.0
125.0
125.0
125.0
125.0
125.0
125.0
125.0
125.0
125.0
125.0
125.0
125.0
125.0
125.0
125.0
125.0
125.0
125.0
125.0
125.0
125.0
125.0
125.0
125.0
125.0
125.0
125.0
125.0
125.0
125.0
125.0
125.0
125.0
125.0
125.0
125.0
125.0
125.0
125.0
125.0
126.0
126.0
126.0
126.0
126.0
126.0
126.0
126.0
126.0
126.0
126.0
126.0
126.0
126.0
126.0
126.0
126.0
126.0
126.0
126.0
126.0
126.0
126.0
126.0
126.0
126.0
126.0
126.0
126.0
126.0
126.0
127.0
127.0
127.0
127.0
127.0
127.0
127.0
127.0
127.0
126.0
126.0
127.0
127.0
127.0
127.0
127.0
127.0
127.0
127.0
127.0
127.0
127.0
127.0
127.0
127.0
127.0
127.0
127.0
127.0
127.0
129.0
127.0
127.0
127.0
127.0
127.0
127.0
127.0
127.0
127.0
127.0
127.0
127.0
127.0
127.0
127.0
127.0
127.0
127.0
127.0
127.0
127.0
127.0
128.0
128.0
128.0
128.0
128.0
128.0
128.0
128.0
128.0
128.0
128.0
128.0
128.0
128.0
128.0
128.0
128.0
130.0
128.0
128.0
128.0
128.0
128.0
128.0
128.0
128.0
128.0
128.0
128.0
128.0
128.0
128.0
128.0
128.0
128.0
128.0
128.0
128.0
128.0
128.0
128.0
128.0
128.0
128.0
128.0
128.0
128.0
128.0
128.0
128.0
128.0
128.0
128.0
129.0
129.0
129.0
129.0
129.0
129.0
129.0
129.0
129.0
129.0
129.0
129.0
129.0
129.0
129.0
129.0
129.0
129.0
129.0
131.0
129.0
129.0
129.0
129.0
129.0
129.0
129.0
129.0
129.0
129.0
129.0
129.0
129.0
129.0
129.0
129.0
129.0
129.0
129.0
129.0
129.0
129.0
129.0
129.0
129.0
129.0
129.0
129.0
129.0
129.0
129.0
130.0
130.0
130.0
132.0
130.0
130.0
130.0
130.0
130.0
130.0
130.0
130.0
130.0
130.0
130.0
130.0
130.0
130.0
130.0
130.0
130.0
130.0
130.0
130.0
130.0
130.0
130.0
130.0
130.0
130.0
130.0
130.0
130.0
130.0
130.0
130.0
131.0
131.0
131.0
131.0
131.0
131.0
131.0
133.0
131.0
131.0
131.0
131.0
131.0
131.0
131.0
131.0
131.0
133.0
131.0
131.0
131.0
131.0
131.0
131.0
131.0
131.0
131.0
131.0
131.0
131.0
131.0
131.0
131.0
131.0
131.0
131.0
131.0
131.0
131.0
131.0
131.0
131.0
131.0
131.0
131.0
131.0
131.0
131.0
131.0
131.0
131.0
131.0
131.0
132.0
132.0
132.0
132.0
134.0
132.0
132.0
132.0
132.0
134.0
132.0
132.0
132.0
132.0
132.0
132.0
132.0
132.0
132.0
132.0
132.0
132.0
132.0
