0.425
2.125
4.625
3.25
3.125
3.25
5.0
3.5
4.625
3.875
3.625
1.125
1.75
1.875
1.25
2.25
1.375
0.875
1.875
4.125
6.625
1.75
2.875
3.875
3.125
4.125
5.125
3.125
2.875
3.5
3.5
2.0
1.75
1.125
1.0
3.25
2.125
1.125
1.875
1.75
1.625
2.0
3.75
2.125
2.25
1.25
3.125
2.0
1.375
5.125
3.75
3.125
3.625
5.375
3.875
3.625
3.5
2.875
0.75
1.75
1.875
1.125
2.5
0.875
1.0
1.875
3.875
3.0
2.0
3.125
4.125
2.625
4.0
4.5
3.0
4.875
4.75
4.0
2.0
1.5
1.375
1.125
2.875
3.0
1.25
2.0
1.75
1.625
2.375
2.375
1.125
2.0
1.25
2.375
1.375
1.125
4.5
3.625
3.0
4.0
5.25
2.875
4.5
4.0
2.875
1.125
1.375
1.875
1.25
2.25
1.0
2.625
1.0
4.125
2.0
2.875
3.0
5.375
4.0
2.75
5.25
3.75
3.625
4.5
2.75
2.0
2.125
1.75
1.125
2.75
3.5
2.0
1.75
1.125
2.75
2.25
1.625
1.25
1.75
2.125
2.5
1.875
2.5
3.25
4.75
3.0
3.75
5.625
4.5
3.25
5.125
1.625
1.75
2.5
1.25
0.875
2.375
1.0
2.25
2.75
3.375
1.375
3.5
2.75
4.0
4.25
3.625
3.875
3.75
2.75
5.375
2.75
2.125
2.0
1.875
1.125
2.375
2.875
1.0
1.375
2.0
2.75
2.375
1.375
2.125
2.125
1.25
3.375
2.125
1.875
5.0
4.5
2.625
4.375
5.375
2.875
4.375
3.625
3.25
1.0
2.0
1.875
1.125
2.25
1.25
2.125
1.0
4.5
2.125
2.75
2.375
4.875
3.75
3.625
5.5
4.125
3.0
3.875
3.0
2.0
1.875
1.25
2.125
3.625
3.75
1.875
2.0
2.125
1.375
2.625
2.75
1.25
1.125
1.5
2.375
1.625
1.75
4.5
4.0
2.75
5.0
5.375
2.375
4.125
4.375
2.75
1.125
1.375
2.0
1.0
2.25
1.0
2.125
1.0
4.375
2.25
2.875
2.75
4.25
3.5
3.375
5.625
4.0
3.375
4.875
3.125
2.125
1.125
1.625
1.125
3.0
2.5
1.25
1.125
1.375
2.5
2.125
1.5
1.75
1.125
1.25
2.75
1.75
1.25
4.25
3.75
2.375
4.875
5.125
3.5
5.125
3.875
3.5
1.0
1.5
1.875
1.125
2.875
1.125
1.125
2.125
4.125
2.5
2.375
2.25
3.875
2.75
3.75
5.875
3.0
3.5
5.25
3.0
2.125
1.25
1.0
1.125
2.875
2.75
1.25
1.75
1.375
1.125
2.75
2.5
2.0
2.0
2.0
1.5
1.875
2.0
3.625
2.5
4.5
4.125
2.375
5.0
4.5
3.125
5.375
2.25
1.5
2.0
1.0
1.25
2.375
1.125
2.5
2.625
3.5
1.25
3.375
2.5
4.625
4.125
3.375
5.0
4.25
2.75
5.0
2.625
1.875
2.125
1.375
1.375
2.25
2.625
2.125
2.125
1.25
1.125
2.375
2.875
0.875
1.0
2.375
3.125
2.125
1.125
5.25
3.875
3.25
4.875
4.875
3.625
4.875
3.75
3.125
1.0
1.75
1.625
1.125
2.5
1.0
1.0
2.125
3.875
1.875
2.125
2.5
5.25
2.875
2.875
5.25
3.5
3.375
5.0
2.875
2.25
1.0
1.125
1.25
2.625
3.125
2.25
2.0
1.5
1.625
2.5
2.5
2.125
2.0
1.25
1.375
2.5
1.875
4.0
3.0
4.625
3.375
2.75
5.625
3.875
2.875
3.375
2.0
2.5
2.0
1.125
0.875
2.0
1.25
1.75
2.625
3.25
1.125
3.625
2.75
3.0
3.75
3.25
2.875
3.25
4.0
4.25
1.75
2.25
1.75
1.25
3.125
3.0
1.75
1.0
1.875
1.375
2.625
2.5
1.25
1.125
2.0
2.0
2.375
