213.0
213.0
213.0
224.0
225.0
225.0
226.0
226.0
220.0
220.0
220.0
222.0
222.0
223.0
224.0
224.0
225.0
225.0
225.0
225.0
226.0
276.0
276.0
276.0
276.0
275.0
275.0
276.0
276.0
276.0
276.0
298.0
289.0
281.0
281.0
281.0
284.0
285.0
285.0
285.0
285.0
286.0
286.0
283.0
283.0
284.0
284.0
285.0
286.0
285.0
295.0
283.0
283.0
283.0
284.0
286.0
284.0
284.0
284.0
284.0
285.0
285.0
285.0
286.0
286.0
286.0
287.0
287.0
277.0
267.0
267.0
267.0
267.0
268.0
268.0
272.0
268.0
268.0
300.0
290.0
289.0
289.0
289.0
290.0
292.0
292.0
292.0
292.0
292.0
293.0
293.0
294.0
294.0
294.0
295.0
294.0
294.0
304.0
295.0
295.0
295.0
296.0
296.0
296.0
296.0
296.0
296.0
297.0
297.0
297.0
298.0
298.0
299.0
298.0
298.0
298.0
299.0
278.0
279.0
281.0
279.0
279.0
279.0
279.0
279.0
301.0
301.0
301.0
301.0
302.0
302.0
303.0
303.0
303.0
303.0
304.0
304.0
305.0
305.0
305.0
305.0
306.0
307.0
307.0
317.0
308.0
310.0
308.0
308.0
308.0
307.0
308.0
308.0
309.0
309.0
309.0
308.0
309.0
309.0
310.0
311.0
311.0
310.0
311.0
291.0
291.0
291.0
291.0
291.0
293.0
291.0
292.0
314.0
314.0
314.0
314.0
314.0
314.0
315.0
315.0
316.0
316.0
317.0
317.0
317.0
317.0
317.0
317.0
319.0
319.0
319.0
329.0
319.0
319.0
319.0
320.0
320.0
320.0
320.0
320.0
320.0
321.0
321.0
321.0
322.0
322.0
323.0
323.0
323.0
303.0
312.0
312.0
313.0
313.0
315.0
313.0
313.0
313.0
313.0
335.0
335.0
326.0
326.0
326.0
326.0
286.0
286.0
286.0
287.0
286.0
287.0
288.0
288.0
288.0
288.0
288.0
289.0
289.0
298.0
289.0
289.0
289.0
290.0
290.0
290.0
290.0
290.0
290.0
291.0
291.0
291.0
292.0
292.0
292.0
292.0
293.0
293.0
293.0
283.0
283.0
287.0
283.0
283.0
284.0
284.0
284.0
305.0
306.0
296.0
296.0
296.0
296.0
297.0
297.0
297.0
297.0
298.0
299.0
299.0
299.0
299.0
299.0
300.0
300.0
300.0
310.0
310.0
300.0
300.0
300.0
300.0
300.0
302.0
300.0
300.0
301.0
302.0
302.0
302.0
302.0
302.0
302.0
305.0
293.0
283.0
283.0
283.0
283.0
283.0
283.0
288.0
284.0
284.0
305.0
305.0
306.0
306.0
305.0
306.0
307.0
307.0
307.0
307.0
307.0
318.0
319.0
319.0
319.0
320.0
320.0
320.0
320.0
330.0
330.0
330.0
321.0
321.0
321.0
321.0
321.0
321.0
321.0
322.0
323.0
322.0
311.0
312.0
312.0
313.0
313.0
313.0
293.0
293.0
293.0
293.0
295.0
294.0
294.0
294.0
294.0
294.0
316.0
316.0
317.0
317.0
316.0
317.0
318.0
318.0
318.0
318.0
318.0
318.0
319.0
319.0
319.0
319.0
320.0
320.0
320.0
330.0
330.0
321.0
321.0
322.0
322.0
322.0
322.0
324.0
322.0
322.0
323.0
322.0
324.0
323.0
323.0
324.0
325.0
324.0
324.0
314.0
314.0
318.0
314.0
314.0
314.0
314.0
315.0
338.0
337.0
328.0
328.0
328.0
329.0
330.0
330.0
330.0
330.0
330.0
330.0
331.0
331.0
331.0
331.0
331.0
332.0
332.0
346.0
332.0
332.0
332.0
332.0
332.0
332.0
332.0
332.0
332.0
294.0
295.0
295.0
295.0
296.0
296.0
296.0
297.0
297.0
276.0
277.0
277.0
277.0
277.0
281.0
282.0
278.0
278.0
278.0
299.0
299.0
299.0
299.0
300.0
302.0
300.0
300.0
300.0
300.0
302.0
302.0
302.0
302.0
302.0
302.0
