215.0
215.0
218.0
227.0
227.0
227.0
227.0
230.0
222.0
221.0
221.0
224.0
224.0
225.0
226.0
226.0
226.0
227.0
227.0
227.0
217.0
277.0
275.0
274.0
273.0
274.0
274.0
274.0
274.0
274.0
276.0
297.0
279.0
280.0
280.0
280.0
282.0
283.0
283.0
283.0
284.0
284.0
284.0
286.0
281.0
281.0
283.0
282.0
282.0
283.0
293.0
284.0
284.0
284.0
284.0
284.0
284.0
284.0
285.0
285.0
286.0
286.0
286.0
286.0
286.0
286.0
287.0
288.0
288.0
288.0
289.0
268.0
268.0
268.0
269.0
268.0
269.0
269.0
269.0
289.0
289.0
290.0
290.0
293.0
291.0
292.0
292.0
292.0
293.0
296.0
294.0
293.0
294.0
294.0
294.0
295.0
295.0
295.0
305.0
296.0
296.0
296.0
296.0
296.0
296.0
297.0
297.0
298.0
297.0
298.0
298.0
298.0
298.0
298.0
298.0
299.0
299.0
300.0
300.0
281.0
280.0
280.0
280.0
280.0
280.0
280.0
302.0
302.0
302.0
302.0
302.0
302.0
303.0
303.0
303.0
303.0
303.0
304.0
305.0
305.0
305.0
305.0
305.0
305.0
306.0
316.0
307.0
307.0
309.0
307.0
307.0
307.0
306.0
307.0
307.0
308.0
308.0
308.0
308.0
309.0
309.0
309.0
310.0
310.0
289.0
299.0
299.0
299.0
299.0
304.0
300.0
300.0
300.0
300.0
321.0
322.0
313.0
313.0
313.0
313.0
314.0
314.0
314.0
314.0
315.0
316.0
315.0
315.0
315.0
315.0
317.0
317.0
317.0
326.0
317.0
317.0
317.0
318.0
320.0
318.0
318.0
318.0
318.0
319.0
319.0
319.0
320.0
320.0
320.0
320.0
321.0
322.0
301.0
301.0
301.0
301.0
302.0
302.0
306.0
302.0
304.0
323.0
323.0
323.0
323.0
323.0
324.0
325.0
325.0
325.0
325.0
325.0
326.0
327.0
326.0
327.0
326.0
327.0
327.0
328.0
337.0
328.0
328.0
328.0
328.0
289.0
289.0
288.0
291.0
289.0
290.0
289.0
290.0
290.0
291.0
291.0
291.0
291.0
291.0
282.0
280.0
280.0
285.0
283.0
281.0
281.0
281.0
281.0
281.0
281.0
302.0
293.0
293.0
293.0
294.0
294.0
294.0
294.0
295.0
295.0
296.0
296.0
296.0
296.0
296.0
296.0
297.0
297.0
297.0
306.0
306.0
297.0
298.0
298.0
298.0
298.0
298.0
298.0
298.0
298.0
299.0
299.0
299.0
299.0
299.0
300.0
301.0
290.0
289.0
289.0
292.0
290.0
290.0
290.0
292.0
290.0
290.0
312.0
312.0
312.0
303.0
303.0
303.0
304.0
304.0
304.0
304.0
304.0
305.0
305.0
306.0
306.0
306.0
307.0
306.0
306.0
316.0
307.0
307.0
307.0
307.0
308.0
308.0
308.0
307.0
307.0
308.0
309.0
309.0
309.0
309.0
309.0
310.0
311.0
311.0
290.0
300.0
304.0
300.0
302.0
300.0
300.0
301.0
300.0
301.0
322.0
313.0
313.0
313.0
314.0
314.0
314.0
314.0
314.0
314.0
315.0
316.0
315.0
315.0
315.0
315.0
316.0
316.0
316.0
317.0
317.0
317.0
317.0
317.0
317.0
317.0
318.0
317.0
317.0
318.0
318.0
318.0
319.0
319.0
319.0
320.0
321.0
321.0
300.0
310.0
314.0
310.0
310.0
315.0
310.0
312.0
315.0
310.0
332.0
322.0
322.0
323.0
323.0
324.0
324.0
324.0
324.0
324.0
324.0
325.0
325.0
325.0
325.0
325.0
326.0
326.0
326.0
336.0
327.0
327.0
327.0
327.0
327.0
327.0
327.0
328.0
328.0
329.0
329.0
329.0
329.0
329.0
330.0
330.0
330.0
310.0
319.0
320.0
320.0
320.0
320.0
320.0
320.0
320.0
320.0
342.0
342.0
332.0
332.0
333.0
333.0
297.0
297.0
297.0
297.0
297.0
297.0
298.0
298.0
298.0
298.0
298.0
