14.25
15.5
15.5
15.875
15.625
15.5
15.625
15.875
12.875
12.75
12.625
12.875
12.75
12.625
12.75
12.875
12.5
12.75
12.75
12.75
12.875
12.75
12.75
12.75
12.75
12.75
12.75
12.625
12.875
12.75
12.75
12.75
12.875
12.625
12.75
12.625
12.75
12.625
12.875
12.75
12.625
12.75
12.875
12.75
12.625
12.875
12.75
12.75
12.75
12.75
12.625
12.875
12.625
12.625
12.75
12.625
12.875
12.75
12.75
12.75
12.75
12.75
12.625
12.75
12.625
12.875
12.75
12.75
12.5
12.75
12.625
12.625
12.75
12.75
12.75
12.75
12.75
12.75
12.75
12.75
12.75
12.75
12.625
12.75
12.75
12.75
12.75
12.75
12.875
12.75
12.75
12.625
12.75
12.75
12.75
12.625
12.75
12.75
12.75
12.875
12.625
12.875
12.625
12.75
12.875
12.75
12.375
12.875
12.75
12.75
12.75
12.75
12.75
12.625
12.875
12.625
12.75
12.75
12.625
12.875
12.625
12.75
12.875
12.75
12.625
12.75
12.75
12.625
12.875
12.75
12.75
12.75
12.75
12.75
12.75
12.75
12.625
12.75
12.875
12.75
12.625
12.75
12.75
12.75
12.625
12.875
12.75
12.875
12.75
12.5
12.875
12.75
12.625
12.625
12.875
12.875
12.5
12.875
12.625
12.875
12.75
12.625
12.625
12.75
12.875
12.75
12.75
12.75
12.75
12.75
12.75
12.75
12.75
12.625
12.875
12.75
12.75
12.75
12.625
12.75
12.875
12.75
12.75
12.625
12.875
12.625
12.75
12.75
12.875
12.625
12.75
12.875
12.625
12.625
12.875
12.75
12.625
12.75
12.625
12.75
12.75
12.75
12.75
12.625
12.875
12.75
12.75
12.875
12.625
12.75
12.875
12.75
12.75
12.75
12.75
12.75
12.625
12.875
12.75
12.75
12.75
12.75
12.75
12.75
12.75
12.625
12.75
12.75
12.75
12.75
12.875
12.625
12.75
12.75
12.75
12.75
12.75
12.75
12.625
12.75
12.875
12.625
12.875
12.625
12.75
12.75
12.875
12.75
12.5
12.875
12.875
12.625
12.75
12.75
12.5
12.75
12.75
12.75
12.75
12.75
12.625
12.75
12.875
12.75
12.625
12.75
12.75
12.75
11.75
1.5
1.0
