196.0
196.0
196.0
197.0
199.0
199.0
200.0
201.0
201.0
200.0
202.0
203.0
201.0
204.0
205.0
195.0
185.0
185.0
185.0
184.0
185.0
236.0
225.0
221.0
221.0
220.0
220.0
220.0
221.0
221.0
222.0
242.0
241.0
242.0
242.0
242.0
267.0
287.0
287.0
287.0
287.0
290.0
312.0
332.0
332.0
332.0
332.0
310.0
307.0
308.0
308.0
309.0
289.0
290.0
289.0
289.0
289.0
289.0
247.0
248.0
248.0
249.0
248.0
225.0
225.0
224.0
226.0
227.0
232.0
232.0
232.0
233.0
232.0
233.0
233.0
233.0
234.0
235.0
233.0
254.0
254.0
254.0
254.0
279.0
298.0
298.0
298.0
298.0
298.0
300.0
300.0
297.0
297.0
297.0
272.0
296.0
296.0
295.0
295.0
296.0
296.0
295.0
297.0
297.0
296.0
285.0
254.0
253.0
255.0
254.0
255.0
231.0
231.0
231.0
230.0
232.0
238.0
239.0
238.0
238.0
240.0
238.0
238.0
239.0
239.0
240.0
260.0
259.0
260.0
260.0
260.0
283.0
303.0
303.0
303.0
303.0
303.0
327.0
326.0
326.0
326.0
326.0
326.0
323.0
324.0
325.0
325.0
302.0
302.0
303.0
303.0
302.0
303.0
260.0
260.0
260.0
259.0
260.0
238.0
236.0
237.0
238.0
238.0
246.0
244.0
245.0
245.0
245.0
246.0
249.0
247.0
246.0
247.0
247.0
267.0
267.0
267.0
266.0
291.0
290.0
310.0
309.0
309.0
309.0
321.0
330.0
330.0
330.0
330.0
304.0
305.0
306.0
306.0
306.0
305.0
305.0
307.0
297.0
297.0
297.0
298.0
266.0
267.0
268.0
268.0
268.0
245.0
245.0
245.0
244.0
245.0
251.0
252.0
253.0
251.0
252.0
252.0
252.0
253.0
254.0
254.0
274.0
274.0
274.0
274.0
300.0
319.0
317.0
317.0
317.0
317.0
318.0
327.0
327.0
326.0
326.0
321.0
312.0
302.0
302.0
301.0
301.0
291.0
282.0
281.0
281.0
282.0
282.0
263.0
263.0
262.0
263.0
241.0
239.0
240.0
239.0
243.0
240.0
245.0
247.0
249.0
246.0
247.0
248.0
247.0
246.0
246.0
259.0
265.0
265.0
265.0
265.0
291.0
310.0
308.0
308.0
308.0
308.0
310.0
309.0
309.0
308.0
309.0
283.0
296.0
297.0
297.0
296.0
296.0
296.0
296.0
296.0
296.0
285.0
285.0
265.0
265.0
265.0
268.0
244.0
242.0
243.0
243.0
243.0
243.0
249.0
248.0
249.0
248.0
249.0
249.0
248.0
249.0
248.0
249.0
269.0
269.0
269.0
269.0
292.0
313.0
312.0
312.0
312.0
312.0
324.0
325.0
324.0
324.0
324.0
319.0
299.0
300.0
301.0
300.0
286.0
287.0
286.0
286.0
287.0
287.0
287.0
269.0
269.0
269.0
268.0
245.0
246.0
245.0
246.0
246.0
247.0
251.0
251.0
251.0
251.0
251.0
251.0
251.0
252.0
251.0
264.0
272.0
272.0
272.0
272.0
295.0
315.0
315.0
315.0
315.0
315.0
338.0
340.0
338.0
338.0
338.0
312.0
312.0
314.0
313.0
313.0
313.0
313.0
313.0
312.0
314.0
313.0
290.0
272.0
271.0
272.0
270.0
270.0
249.0
248.0
250.0
249.0
249.0
254.0
255.0
256.0
255.0
255.0
255.0
254.0
256.0
256.0
256.0
276.0
276.0
276.0
276.0
300.0
299.0
318.0
318.0
319.0
319.0
332.0
331.0
331.0
331.0
331.0
305.0
317.0
316.0
315.0
315.0
314.0
302.0
302.0
303.0
304.0
303.0
296.0
272.0
273.0
273.0
264.0
262.0
241.0
243.0
240.0
241.0
241.0
248.0
248.0
246.0
247.0
247.0
247.0
247.0
249.0
246.0
248.0
267.0
266.0
267.0
267.0
266.0
291.0
311.0
310.0
311.0
311.0
311.0
311.0
331.0
331.0
331.0
331.0
318.0
