170.0
172.0
173.0
173.0
173.0
173.0
173.0
173.0
174.0
174.0
174.0
174.0
174.0
174.0
174.0
175.0
175.0
175.0
175.0
175.0
175.0
175.0
176.0
176.0
176.0
176.0
176.0
176.0
176.0
177.0
177.0
177.0
177.0
177.0
177.0
177.0
177.0
177.0
177.0
177.0
177.0
177.0
177.0
177.0
177.0
177.0
177.0
177.0
177.0
177.0
177.0
177.0
177.0
177.0
177.0
177.0
177.0
177.0
177.0
177.0
177.0
177.0
177.0
177.0
177.0
177.0
177.0
177.0
177.0
177.0
177.0
177.0
177.0
177.0
177.0
177.0
177.0
177.0
177.0
177.0
177.0
177.0
177.0
177.0
177.0
177.0
177.0
177.0
177.0
177.0
177.0
177.0
177.0
177.0
177.0
177.0
177.0
177.0
177.0
177.0
177.0
177.0
177.0
177.0
177.0
177.0
177.0
177.0
177.0
177.0
177.0
177.0
177.0
177.0
177.0
177.0
177.0
177.0
177.0
177.0
177.0
177.0
177.0
177.0
177.0
177.0
177.0
177.0
177.0
177.0
177.0
177.0
177.0
177.0
177.0
177.0
177.0
177.0
177.0
177.0
177.0
177.0
177.0
177.0
177.0
177.0
177.0
177.0
177.0
177.0
177.0
177.0
177.0
177.0
177.0
177.0
177.0
177.0
177.0
177.0
177.0
177.0
177.0
177.0
177.0
177.0
177.0
177.0
177.0
177.0
177.0
177.0
177.0
177.0
177.0
177.0
177.0
177.0
177.0
177.0
177.0
177.0
177.0
177.0
177.0
177.0
177.0
177.0
177.0
177.0
177.0
177.0
177.0
177.0
177.0
177.0
177.0
177.0
177.0
177.0
177.0
177.0
177.0
177.0
177.0
177.0
177.0
177.0
177.0
177.0
177.0
177.0
177.0
177.0
177.0
177.0
177.0
177.0
177.0
177.0
177.0
177.0
177.0
175.0
