14.625
15.25
15.625
15.125
15.5
15.375
15.25
15.75
12.75
12.75
12.75
12.875
12.625
12.75
12.75
12.75
12.5
12.75
12.625
12.75
12.75
12.625
12.75
12.75
12.625
12.75
12.75
12.625
12.75
12.75
12.625
12.625
12.875
12.625
12.75
12.75
12.75
12.75
12.875
12.625
12.75
12.75
12.75
12.625
12.875
12.625
12.625
12.875
12.75
12.75
12.75
12.75
12.5
12.75
12.625
12.75
12.75
12.625
12.75
12.75
12.625
12.75
12.75
12.75
12.625
12.75
12.75
12.75
12.5
12.875
12.75
12.625
12.75
12.625
12.75
12.625
12.75
12.75
12.75
12.75
12.625
12.75
12.75
12.625
12.75
12.75
12.5
12.75
12.875
12.625
12.75
12.625
12.75
12.75
12.625
12.75
12.625
12.75
12.75
12.625
12.875
12.75
12.75
12.625
12.75
12.625
12.75
12.75
12.75
12.75
12.75
12.625
12.75
12.75
12.75
12.625
12.75
12.75
12.625
12.75
12.625
12.75
12.625
12.625
12.875
12.625
12.75
12.625
12.75
12.75
12.625
12.75
12.875
12.625
12.625
12.75
12.75
12.625
12.75
12.75
12.625
12.75
12.75
12.75
12.75
12.625
12.75
12.75
12.625
12.75
12.75
12.625
12.75
12.625
12.75
12.75
12.625
12.75
12.75
12.625
12.75
12.75
12.75
12.75
12.625
12.75
12.625
12.75
12.75
12.75
12.625
12.625
12.75
12.75
12.75
12.625
12.625
12.875
12.625
12.75
12.625
12.625
12.625
12.875
12.75
12.75
12.75
12.75
12.75
12.625
12.75
12.75
12.625
12.75
12.625
12.75
12.75
12.75
12.875
12.625
12.75
12.75
12.75
12.625
12.625
12.875
12.625
12.625
12.875
12.625
12.625
12.75
12.75
12.625
12.75
12.75
12.625
12.625
12.75
12.75
12.625
12.75
12.75
12.75
12.625
12.625
12.875
12.75
12.625
12.625
12.75
12.75
12.75
12.625
12.75
12.75
12.625
12.75
12.625
12.75
12.75
12.625
12.875
12.625
12.75
12.75
12.625
12.625
12.75
12.875
12.625
12.75
12.75
12.625
12.75
12.625
12.75
12.625
12.875
12.5
12.875
12.75
12.625
12.75
12.75
4.375
1.0
