11.6625
12.625
12.625
12.5
12.75
12.5
12.625
12.75
12.5
12.75
12.5
12.625
12.625
12.75
12.625
12.625
12.625
12.625
12.625
12.625
12.5
12.5
12.75
13.0
12.5
12.75
12.625
12.625
12.625
12.625
12.5
12.625
12.75
12.625
12.625
12.625
12.625
12.625
12.625
12.625
12.625
12.625
12.625
12.5
12.625
12.625
12.625
12.75
12.625
12.625
12.5
12.625
12.625
12.625
12.625
12.625
12.5
12.625
12.75
12.5
12.625
12.625
12.625
12.625
12.625
12.625
12.5
12.75
12.625
12.625
12.75
12.875
12.625
12.875
12.75
12.75
12.75
12.625
12.75
12.75
12.875
12.75
12.75
12.75
12.75
12.625
12.75
12.75
12.75
12.625
12.875
12.625
12.625
12.75
12.75
12.875
12.75
12.875
12.75
12.75
12.75
12.75
12.75
12.75
12.625
12.875
12.625
12.75
12.75
12.75
12.75
12.875
12.625
12.75
12.75
12.75
12.875
12.625
12.75
12.75
12.75
12.75
12.75
12.75
12.75
12.625
12.75
12.75
12.75
12.75
12.625
12.75
12.875
12.75
12.75
12.75
12.625
12.75
12.75
12.5
12.875
12.875
12.75
12.75
12.75
12.875
12.625
12.75
12.75
12.625
12.75
12.875
12.75
12.75
12.75
12.75
12.75
12.75
12.75
12.75
12.75
12.75
12.625
12.75
12.875
12.75
12.625
12.625
12.75
12.75
12.625
12.875
12.75
12.625
12.875
12.75
12.875
12.75
12.625
12.75
12.75
12.75
12.75
12.75
12.75
12.75
12.75
12.75
12.75
12.75
12.625
12.75
12.75
12.75
12.875
12.875
12.625
12.75
12.75
12.625
12.75
12.875
12.625
12.875
12.625
12.875
12.75
12.625
12.75
12.625
12.875
12.625
12.75
12.75
12.75
12.75
12.875
12.75
12.75
12.5
12.875
12.625
12.75
12.875
1.25
