173.0
173.0
175.0
174.0
174.0
176.0
175.0
178.0
178.0
178.0
179.0
181.0
182.0
181.0
183.0
184.0
184.0
184.0
184.0
183.0
184.0
235.0
224.0
220.0
219.0
218.0
218.0
219.0
220.0
220.0
219.0
240.0
239.0
239.0
239.0
239.0
265.0
286.0
286.0
286.0
285.0
285.0
321.0
337.0
325.0
325.0
325.0
339.0
327.0
328.0
329.0
330.0
329.0
301.0
299.0
299.0
299.0
288.0
267.0
248.0
249.0
248.0
248.0
237.0
225.0
226.0
225.0
226.0
225.0
232.0
233.0
232.0
231.0
232.0
233.0
233.0
233.0
233.0
234.0
253.0
253.0
253.0
254.0
279.0
277.0
296.0
296.0
296.0
296.0
312.0
312.0
308.0
308.0
309.0
293.0
286.0
284.0
283.0
284.0
284.0
284.0
285.0
285.0
284.0
285.0
286.0
257.0
253.0
254.0
254.0
253.0
232.0
231.0
230.0
232.0
232.0
239.0
239.0
236.0
237.0
238.0
238.0
239.0
238.0
239.0
239.0
259.0
259.0
259.0
259.0
258.0
284.0
305.0
303.0
302.0
302.0
302.0
327.0
346.0
346.0
346.0
346.0
320.0
332.0
332.0
331.0
332.0
320.0
309.0
310.0
289.0
289.0
290.0
280.0
260.0
260.0
260.0
259.0
260.0
237.0
237.0
237.0
236.0
237.0
244.0
244.0
245.0
246.0
245.0
246.0
244.0
247.0
247.0
246.0
270.0
267.0
267.0
267.0
267.0
291.0
309.0
308.0
308.0
308.0
308.0
332.0
354.0
353.0
353.0
353.0
327.0
328.0
326.0
328.0
327.0
316.0
319.0
296.0
297.0
301.0
284.0
286.0
267.0
267.0
268.0
268.0
253.0
243.0
244.0
245.0
245.0
243.0
250.0
250.0
254.0
250.0
254.0
251.0
251.0
253.0
252.0
253.0
275.0
274.0
274.0
274.0
274.0
294.0
296.0
295.0
295.0
295.0
295.0
308.0
329.0
329.0
329.0
330.0
321.0
321.0
322.0
324.0
324.0
310.0
312.0
281.0
282.0
281.0
281.0
261.0
260.0
263.0
260.0
261.0
239.0
238.0
239.0
237.0
239.0
245.0
243.0
245.0
243.0
244.0
246.0
244.0
244.0
244.0
246.0
246.0
264.0
264.0
264.0
264.0
290.0
288.0
309.0
309.0
309.0
308.0
333.0
332.0
330.0
330.0
330.0
330.0
307.0
305.0
307.0
305.0
306.0
283.0
282.0
284.0
285.0
283.0
285.0
263.0
263.0
266.0
264.0
264.0
243.0
243.0
243.0
240.0
243.0
248.0
250.0
248.0
248.0
248.0
247.0
249.0
248.0
249.0
248.0
269.0
268.0
268.0
268.0
268.0
293.0
313.0
313.0
313.0
313.0
313.0
312.0
314.0
311.0
311.0
311.0
286.0
309.0
312.0
309.0
309.0
308.0
308.0
307.0
310.0
309.0
307.0
288.0
266.0
266.0
268.0
265.0
266.0
245.0
244.0
246.0
247.0
244.0
253.0
251.0
251.0
250.0
252.0
250.0
251.0
252.0
251.0
250.0
272.0
271.0
271.0
271.0
271.0
295.0
316.0
316.0
316.0
316.0
316.0
313.0
314.0
314.0
314.0
314.0
288.0
288.0
291.0
291.0
290.0
290.0
289.0
290.0
290.0
291.0
290.0
272.0
268.0
271.0
272.0
270.0
259.0
249.0
249.0
250.0
249.0
256.0
253.0
254.0
254.0
255.0
253.0
255.0
254.0
254.0
254.0
254.0
274.0
275.0
275.0
275.0
299.0
298.0
308.0
309.0
309.0
309.0
312.0
307.0
305.0
305.0
306.0
290.0
315.0
316.0
314.0
314.0
315.0
318.0
314.0
316.0
315.0
316.0
317.0
271.0
272.0
272.0
272.0
273.0
252.0
251.0
248.0
250.0
254.0
257.0
256.0
247.0
247.0
247.0
247.0
248.0
247.0
248.0
248.0
246.0
267.0
267.0
267.0
267.0
268.0
291.0
308.0
308.0
308.0
309.0
308.0
332.0
332.0
332.0
333.0
333.0
330.0
