15.0
15.875
15.75
15.625
16.25
15.875
16.375
15.75
13.375
13.625
13.25
13.5
13.5
13.125
13.625
13.0
13.625
13.625
13.375
13.25
13.0
12.875
13.0
13.25
13.0
13.375
13.25
13.125
13.25
13.25
13.25
13.25
13.25
13.375
13.75
13.5
13.125
13.25
13.375
13.375
13.375
13.375
13.25
13.25
13.5
13.125
13.375
13.375
13.125
13.5
13.375
13.0
13.5
13.5
12.875
13.125
13.625
13.25
13.375
13.625
13.125
13.5
13.25
13.125
13.5
13.25
13.5
13.375
13.25
13.75
13.625
13.125
13.125
13.0
13.375
13.5
13.375
13.375
13.375
13.375
13.375
13.5
13.25
13.125
13.5
13.25
13.375
13.375
13.25
13.375
13.75
13.375
13.375
13.5
13.125
13.125
13.375
12.875
13.125
13.25
13.5
13.25
13.0
13.25
13.25
13.125
13.5
13.25
13.25
13.625
13.5
13.375
13.5
13.5
13.25
13.875
13.375
13.0
13.25
13.25
13.375
13.125
13.375
13.375
13.5
13.125
13.125
13.5
13.125
13.25
13.0
13.375
13.375
13.5
13.375
13.5
13.375
13.25
13.5
13.25
13.375
13.25
13.25
13.125
13.375
13.375
13.375
13.375
13.25
13.25
13.25
13.375
13.25
13.25
13.25
12.875
13.375
13.375
13.375
13.375
13.25
13.0
13.25
13.25
13.125
13.375
13.375
13.5
13.0
13.5
13.125
13.5
13.125
13.125
10.25
0.0
