129.0
163.0
134.0
170.0
163.0
155.0
146.0
157.0
136.0
144.0
146.0
149.0
131.0
140.0
150.0
135.0
145.0
152.0
136.0
146.0
147.0
132.0
149.0
143.0
146.0
160.0
138.0
145.0
131.0
144.0
150.0
133.0
142.0
151.0
139.0
144.0
145.0
146.0
149.0
145.0
139.0
144.0
147.0
149.0
133.0
143.0
148.0
147.0
151.0
140.0
151.0
137.0
146.0
147.0
149.0
151.0
151.0
135.0
143.0
151.0
141.0
148.0
131.0
140.0
148.0
136.0
144.0
149.0
130.0
137.0
140.0
145.0
149.0
147.0
148.0
133.0
140.0
147.0
148.0
149.0
132.0
139.0
144.0
151.0
132.0
140.0
145.0
142.0
131.0
131.0
136.0
141.0
146.0
152.0
135.0
143.0
150.0
130.0
145.0
154.0
132.0
142.0
142.0
152.0
139.0
147.0
151.0
150.0
131.0
135.0
141.0
150.0
134.0
141.0
147.0
132.0
139.0
144.0
150.0
135.0
145.0
148.0
131.0
139.0
145.0
150.0
152.0
152.0
131.0
139.0
145.0
149.0
144.0
144.0
152.0
136.0
142.0
147.0
145.0
144.0
146.0
146.0
135.0
144.0
150.0
149.0
132.0
136.0
142.0
147.0
149.0
154.0
130.0
129.0
135.0
144.0
150.0
145.0
147.0
150.0
133.0
141.0
152.0
142.0
152.0
138.0
144.0
147.0
149.0
151.0
131.0
136.0
141.0
146.0
146.0
140.0
