14.125
15.5
15.75
16.0
15.625
15.75
15.875
16.375
12.75
12.625
12.875
12.75
12.875
12.625
12.875
12.75
12.875
12.75
12.875
12.625
12.875
12.75
12.875
12.75
12.875
12.625
12.875
12.75
12.625
12.75
12.875
12.75
12.875
12.75
12.875
12.625
13.0
12.625
12.875
12.75
12.75
12.75
12.875
12.875
12.75
12.75
12.75
12.75
12.875
12.75
12.875
12.75
12.875
12.75
12.75
13.0
12.875
12.875
12.625
12.75
12.875
12.75
12.625
12.875
12.75
12.625
12.75
12.75
12.75
12.875
12.625
12.875
12.75
12.875
12.75
12.875
12.625
12.875
12.875
12.625
12.875
12.75
12.75
12.75
12.875
12.75
12.625
12.875
12.625
12.875
12.875
12.625
12.75
12.75
12.75
13.0
12.625
12.75
12.875
12.75
12.75
12.875
12.75
12.875
12.75
12.75
12.75
12.875
12.875
12.75
12.75
12.75
12.75
12.625
12.875
12.75
12.75
12.875
12.875
12.75
12.625
12.875
12.75
12.875
12.75
12.625
12.75
12.625
12.75
12.625
12.75
12.875
12.5
12.875
12.75
12.75
12.75
12.75
12.625
12.875
12.75
12.625
12.75
12.75
12.75
12.75
12.875
12.75
12.75
12.75
12.625
12.75
12.75
12.75
12.75
12.75
12.625
12.75
12.875
12.75
12.75
12.875
12.75
12.75
12.75
12.75
12.75
12.75
12.75
12.75
12.75
12.5
12.875
12.625
13.0
12.75
12.75
12.75
12.75
12.625
12.75
12.625
12.875
12.625
12.875
12.625
12.75
12.875
12.625
12.875
12.625
12.875
12.75
12.75
12.75
12.625
12.875
12.75
12.75
12.75
12.75
12.75
12.625
12.75
12.875
12.625
12.75
12.875
12.75
12.625
12.875
12.75
12.875
12.625
12.875
12.625
12.875
12.75
12.75
12.75
12.75
12.625
12.875
12.75
12.875
12.75
12.875
12.625
12.875
12.75
12.75
12.75
12.875
12.75
12.625
12.75
12.75
12.875
12.75
12.75
12.75
12.75
12.75
12.625
12.875
12.625
12.875
12.75
12.75
12.875
12.75
12.75
12.75
12.75
12.75
12.75
12.625
12.75
12.875
12.75
12.75
12.75
12.875
12.75
12.75
12.75
2.75
0.75
