15.0
16.125
16.0
15.75
16.0
15.625
16.125
15.375
13.625
13.25
13.375
13.0
13.125
13.625
13.375
13.375
13.0
13.5
13.625
13.375
13.625
13.375
13.375
13.375
13.625
13.25
13.125
13.5
13.0
13.375
13.125
13.25
13.125
13.375
13.25
12.875
13.625
13.625
13.25
13.25
13.125
13.25
13.25
13.5
13.25
13.25
13.625
13.375
13.5
13.0
13.0
13.125
13.75
13.25
12.875
13.625
13.125
13.125
13.5
13.125
13.25
13.125
13.375
13.25
13.375
13.25
13.0
13.25
13.625
13.0
13.375
13.375
13.0
13.25
13.125
13.375
13.5
13.25
13.375
13.0
13.25
13.625
12.875
13.5
13.375
13.375
13.125
13.25
13.25
13.25
13.0
13.125
12.875
13.5
13.5
13.125
13.25
13.5
13.375
13.5
13.375
13.375
13.125
13.625
13.25
12.875
13.625
13.0
13.375
13.5
13.125
13.125
13.5
13.25
13.0
13.25
13.25
12.875
13.25
13.125
13.25
13.125
12.875
13.25
13.0
13.25
12.75
13.125
13.25
13.625
13.375
13.25
13.375
13.25
13.125
13.125
13.25
13.125
13.5
13.5
13.25
12.75
13.375
13.25
13.25
13.125
13.5
13.375
13.125
13.0
13.125
13.375
13.25
13.375
13.25
13.25
13.0
13.5
13.25
13.375
13.125
13.375
13.625
13.625
12.75
13.125
13.125
13.5
13.125
13.125
13.375
13.125
13.375
13.625
12.0
0.75
0.0
