125.0
158.0
135.0
152.0
144.0
157.0
148.0
135.0
140.0
149.0
132.0
139.0
153.0
144.0
129.0
140.0
151.0
142.0
153.0
137.0
148.0
132.0
144.0
130.0
140.0
149.0
153.0
143.0
131.0
148.0
152.0
134.0
145.0
136.0
150.0
129.0
146.0
136.0
144.0
131.0
143.0
151.0
142.0
153.0
137.0
149.0
152.0
152.0
150.0
142.0
151.0
141.0
151.0
131.0
136.0
147.0
129.0
137.0
149.0
153.0
139.0
148.0
156.0
138.0
147.0
153.0
131.0
144.0
153.0
135.0
145.0
134.0
135.0
146.0
137.0
146.0
131.0
142.0
152.0
130.0
142.0
150.0
135.0
147.0
130.0
139.0
152.0
140.0
153.0
141.0
149.0
141.0
131.0
144.0
152.0
133.0
145.0
132.0
139.0
148.0
152.0
134.0
144.0
151.0
131.0
140.0
148.0
135.0
143.0
152.0
130.0
140.0
149.0
150.0
147.0
136.0
146.0
131.0
145.0
130.0
142.0
151.0
134.0
144.0
132.0
143.0
131.0
147.0
135.0
146.0
131.0
138.0
145.0
131.0
136.0
146.0
132.0
141.0
151.0
152.0
151.0
129.0
141.0
151.0
130.0
138.0
147.0
131.0
137.0
144.0
131.0
144.0
130.0
136.0
144.0
151.0
136.0
145.0
131.0
138.0
145.0
148.0
151.0
150.0
150.0
154.0
138.0
147.0
131.0
135.0
142.0
147.0
148.0
152.0
134.0
141.0
139.0
