139.0
142.0
140.0
149.0
149.0
149.0
149.0
149.0
150.0
149.0
149.0
171.0
171.0
171.0
172.0
172.0
172.0
172.0
172.0
172.0
172.0
208.0
208.0
217.0
216.0
217.0
217.0
217.0
221.0
217.0
217.0
219.0
211.0
211.0
209.0
209.0
209.0
243.0
231.0
231.0
231.0
231.0
231.0
256.0
248.0
248.0
248.0
247.0
248.0
248.0
248.0
257.0
257.0
257.0
240.0
240.0
241.0
240.0
241.0
241.0
241.0
241.0
240.0
241.0
241.0
241.0
241.0
241.0
243.0
242.0
242.0
242.0
251.0
251.0
250.0
251.0
253.0
251.0
251.0
246.0
244.0
244.0
244.0
244.0
243.0
266.0
254.0
254.0
254.0
254.0
254.0
272.0
272.0
272.0
271.0
271.0
272.0
272.0
272.0
272.0
272.0
262.0
245.0
245.0
245.0
245.0
245.0
245.0
245.0
245.0
245.0
246.0
246.0
246.0
246.0
246.0
246.0
247.0
247.0
246.0
255.0
259.0
255.0
256.0
256.0
256.0
256.0
250.0
248.0
248.0
248.0
248.0
248.0
273.0
259.0
259.0
259.0
259.0
259.0
277.0
277.0
276.0
276.0
276.0
277.0
277.0
279.0
277.0
277.0
266.0
259.0
250.0
250.0
250.0
250.0
252.0
250.0
250.0
250.0
251.0
251.0
251.0
251.0
251.0
251.0
251.0
251.0
251.0
260.0
260.0
260.0
261.0
265.0
260.0
261.0
264.0
253.0
253.0
253.0
253.0
254.0
277.0
265.0
265.0
265.0
265.0
265.0
282.0
282.0
282.0
282.0
282.0
282.0
282.0
283.0
283.0
283.0
272.0
255.0
256.0
256.0
256.0
256.0
256.0
256.0
256.0
256.0
256.0
256.0
257.0
257.0
257.0
257.0
257.0
266.0
270.0
266.0
266.0
266.0
266.0
266.0
268.0
267.0
267.0
259.0
259.0
258.0
258.0
259.0
282.0
270.0
270.0
270.0
270.0
270.0
288.0
288.0
288.0
288.0
288.0
288.0
288.0
278.0
278.0
278.0
278.0
261.0
261.0
262.0
261.0
262.0
262.0
262.0
262.0
262.0
262.0
262.0
262.0
262.0
262.0
263.0
263.0
263.0
272.0
272.0
272.0
272.0
272.0
272.0
272.0
272.0
265.0
264.0
264.0
264.0
264.0
264.0
288.0
276.0
276.0
276.0
276.0
276.0
293.0
293.0
293.0
293.0
293.0
293.0
293.0
293.0
294.0
283.0
283.0
267.0
267.0
267.0
267.0
267.0
267.0
267.0
267.0
268.0
268.0
267.0
267.0
268.0
268.0
270.0
270.0
268.0
277.0
277.0
277.0
277.0
278.0
277.0
278.0
280.0
270.0
270.0
269.0
269.0
270.0
295.0
281.0
281.0
281.0
281.0
281.0
298.0
298.0
298.0
298.0
298.0
298.0
298.0
299.0
299.0
300.0
289.0
272.0
273.0
273.0
273.0
273.0
273.0
273.0
273.0
273.0
273.0
274.0
274.0
274.0
274.0
274.0
276.0
283.0
283.0
283.0
283.0
283.0
284.0
284.0
284.0
283.0
285.0
276.0
276.0
276.0
276.0
276.0
299.0
287.0
287.0
287.0
287.0
287.0
305.0
304.0
304.0
304.0
304.0
304.0
305.0
294.0
294.0
294.0
296.0
278.0
278.0
278.0
278.0
278.0
278.0
278.0
278.0
278.0
278.0
279.0
278.0
279.0
279.0
279.0
279.0
288.0
288.0
288.0
288.0
289.0
289.0
289.0
289.0
291.0
281.0
281.0
281.0
281.0
281.0
281.0
292.0
292.0
292.0
292.0
292.0
294.0
309.0
309.0
309.0
309.0
312.0
312.0
310.0
310.0
310.0
299.0
299.0
283.0
283.0
283.0
283.0
283.0
283.0
283.0
283.0
284.0
284.0
283.0
284.0
284.0
284.0
284.0
284.0
284.0
293.0
293.0
293.0
294.0
294.0
294.0
294.0
294.0
286.0
286.0
286.0
286.0
286.0
286.0
310.0
297.0
297.0
297.0
297.0
297.0
315.0
314.0
315.0
315.0
314.0
