178.0
181.0
179.0
178.0
178.0
178.0
178.0
178.0
178.0
178.0
178.0
178.0
178.0
178.0
179.0
178.0
178.0
178.0
179.0
179.0
179.0
179.0
178.0
178.0
178.0
179.0
179.0
179.0
178.0
178.0
178.0
179.0
179.0
179.0
179.0
178.0
178.0
179.0
180.0
180.0
180.0
179.0
179.0
179.0
180.0
180.0
182.0
182.0
181.0
181.0
182.0
182.0
182.0
182.0
181.0
181.0
182.0
182.0
182.0
183.0
183.0
181.0
182.0
182.0
182.0
182.0
183.0
181.0
182.0
182.0
182.0
182.0
183.0
183.0
182.0
182.0
182.0
182.0
183.0
183.0
182.0
182.0
182.0
182.0
183.0
183.0
183.0
182.0
182.0
182.0
182.0
183.0
183.0
182.0
182.0
182.0
182.0
183.0
183.0
183.0
182.0
182.0
182.0
183.0
183.0
183.0
182.0
182.0
182.0
183.0
183.0
183.0
183.0
182.0
182.0
182.0
183.0
183.0
184.0
182.0
182.0
183.0
183.0
183.0
183.0
182.0
183.0
183.0
183.0
183.0
184.0
184.0
182.0
183.0
183.0
183.0
183.0
184.0
182.0
183.0
183.0
183.0
183.0
184.0
184.0
182.0
183.0
183.0
183.0
184.0
184.0
183.0
183.0
183.0
183.0
184.0
184.0
183.0
183.0
184.0
184.0
184.0
184.0
183.0
183.0
184.0
184.0
184.0
184.0
183.0
183.0
184.0
184.0
184.0
185.0
185.0
183.0
184.0
184.0
184.0
184.0
185.0
183.0
184.0
184.0
184.0
184.0
185.0
185.0
183.0
184.0
184.0
184.0
184.0
185.0
183.0
184.0
184.0
184.0
185.0
185.0
185.0
184.0
184.0
184.0
185.0
185.0
185.0
184.0
184.0
184.0
185.0
185.0
185.0
185.0
184.0
184.0
184.0
185.0
185.0
185.0
184.0
184.0
184.0
185.0
185.0
185.0
184.0
184.0
185.0
185.0
185.0
185.0
186.0
184.0
184.0
185.0
185.0
185.0
185.0
184.0
184.0
185.0
185.0
185.0
185.0
186.0
184.0
184.0
185.0
185.0
185.0
186.0
184.0
185.0
185.0
185.0
185.0
186.0
186.0
185.0
185.0
185.0
185.0
186.0
186.0
185.0
185.0
185.0
185.0
186.0
186.0
186.0
185.0
185.0
185.0
186.0
186.0
186.0
185.0
185.0
185.0
186.0
186.0
186.0
186.0
185.0
185.0
185.0
186.0
186.0
186.0
185.0
185.0
185.0
186.0
186.0
186.0
186.0
185.0
185.0
185.0
186.0
186.0
186.0
185.0
185.0
186.0
186.0
186.0
186.0
185.0
185.0
186.0
186.0
186.0
186.0
187.0
185.0
185.0
186.0
186.0
186.0
186.0
185.0
186.0
186.0
186.0
187.0
187.0
187.0
186.0
186.0
186.0
186.0
187.0
187.0
186.0
186.0
186.0
186.0
187.0
187.0
187.0
186.0
186.0
186.0
186.0
187.0
187.0
186.0
186.0
186.0
187.0
187.0
187.0
187.0
186.0
186.0
186.0
187.0
187.0
187.0
186.0
186.0
186.0
187.0
187.0
187.0
187.0
186.0
186.0
187.0
187.0
187.0
187.0
186.0
186.0
186.0
187.0
187.0
187.0
186.0
186.0
187.0
187.0
187.0
187.0
188.0
186.0
187.0
187.0
187.0
187.0
187.0
186.0
187.0
187.0
187.0
187.0
188.0
188.0
186.0
187.0
187.0
187.0
188.0
188.0
187.0
187.0
187.0
187.0
188.0
188.0
188.0
187.0
187.0
187.0
187.0
188.0
188.0
187.0
187.0
187.0
187.0
188.0
188.0
188.0
187.0
187.0
187.0
188.0
188.0
188.0
187.0
187.0
187.0
188.0
188.0
188.0
188.0
187.0
187.0
187.0
188.0
188.0
188.0
187.0
187.0
187.0
188.0
188.0
188.0
188.0
187.0
187.0
188.0
188.0
188.0
188.0
187.0
188.0
188.0
188.0
188.0
189.0
189.0
187.0
188.0
188.0
188.0
188.0
189.0
187.0
188.0
188.0
188.0
188.0
189.0
187.0
188.0
188.0
188.0
189.0
189.0
189.0
188.0
188.0
188.0
188.0
189.0
189.0
188.0
188.0
188.0
188.0
189.0
189.0
189.0
188.0
188.0
188.0
188.0
189.0
189.0
188.0
188.0
188.0
189.0
189.0
189.0
189.0
188.0
188.0
188.0
189.0
189.0
189.0
188.0
188.0
188.0
189.0
189.0
189.0
189.0
188.0
188.0
188.0
189.0
189.0
189.0
188.0
188.0
189.0
189.0
189.0
190.0
190.0
188.0
189.0
189.0
189.0
189.0
190.0
188.0
189.0
189.0
189.0
189.0
190.0
190.0
188.0
189.0
189.0
189.0
190.0
190.0
188.0
189.0
189.0
189.0
190.0
190.0
189.0
189.0
189.0
189.0
190.0
190.0
190.0
189.0
189.0
189.0
189.0
190.0
190.0
189.0
189.0
189.0
189.0
190.0
190.0
190.0
189.0
189.0
189.0
190.0
190.0
190.0
189.0
189.0
189.0
190.0
190.0
190.0
191.0
189.0
189.0
190.0
190.0
190.0
