4.7375
1.625
2.875
3.75
2.0
5.875
4.625
2.625
1.5
6.625
4.375
0.75
3.875
1.25
1.875
1.5
1.875
1.125
0.625
5.0
6.625
4.625
0.125
7.5
5.0
3.875
3.125
5.625
3.375
6.25
4.25
0.125
0.25
0.25
0.125
2.875
3.375
0.375
0.125
0.25
1.125
1.375
2.875
0.375
0.0
0.375
1.625
0.875
2.375
3.75
3.75
0.0
7.375
3.75
1.5
2.125
5.875
3.625
0.5
3.25
1.5
1.75
2.0
1.375
1.125
1.125
4.625
1.875
4.25
0.5
8.125
4.875
3.0
3.75
5.0
3.625
7.0
2.875
0.125
0.25
0.125
0.125
3.25
2.625
0.0
0.25
0.125
0.125
2.875
2.75
0.125
0.125
0.25
0.25
2.625
2.25
4.0
0.875
3.125
5.0
2.75
3.875
3.75
0.5
7.375
2.5
3.75
1.375
0.75
1.875
1.5
1.75
1.375
1.375
2.875
1.875
5.125
4.625
3.375
7.875
4.25
0.5
7.25
5.0
2.75
2.75
0.125
0.25
0.25
3.125
2.125
0.875
0.0
0.25
0.25
2.75
2.25
0.25
0.125
0.125
0.5
2.625
2.375
3.5
0.75
6.75
6.375
3.0
4.125
3.875
1.0
6.25
2.25
3.625
1.5
1.125
1.375
1.25
2.0
1.25
2.875
2.125
1.625
4.625
4.0
4.125
7.25
4.375
0.125
7.5
5.25
3.625
1.625
0.0
0.25
0.25
3.5
2.875
0.125
0.25
0.0
0.25
2.625
3.125
0.375
0.125
0.25
0.375
2.375
2.5
4.0
3.75
5.0
7.625
4.375
0.125
3.875
4.875
3.125
2.125
4.125
1.75
1.75
1.875
1.125
1.5
1.25
4.375
2.25
3.75
0.5
7.125
5.125
3.125
4.125
5.0
3.875
5.875
3.0
0.25
0.125
0.125
0.75
2.0
3.0
0.25
0.25
0.125
2.5
1.25
1.5
0.25
0.125
0.375
2.75
1.75
0.5
4.0
3.875
1.375
6.125
4.0
2.875
1.0
6.875
4.25
1.75
4.375
0.25
2.625
1.625
3.125
1.375
2.5
3.75
1.625
6.625
6.375
3.75
7.625
4.75
0.0
7.75
5.375
2.5
2.375
0.25
0.125
0.25
2.5
1.75
1.125
0.125
0.125
0.375
2.625
2.875
0.125
0.125
0.125
0.375
2.75
2.125
5.0
6.375
7.25
5.625
4.125
2.125
4.125
3.75
3.875
3.0
4.625
1.0
1.625
1.75
0.375
1.875
1.75
4.5
2.875
1.375
6.875
6.125
5.25
5.0
4.5
4.875
3.5
8.25
2.75
0.25
0.125
0.0
0.25
2.5
2.75
0.25
0.125
0.0
0.375
2.25
2.5
0.25
0.125
0.375
0.125
2.375
2.375
4.125
0.125
3.875
5.0
2.75
4.0
3.75
0.0
7.375
2.375
3.625
1.625
0.5
1.625
1.875
1.625
1.25
2.125
2.875
1.75
4.125
4.125
3.875
7.375
4.375
0.125
7.5
5.375
2.625
2.625
0.125
0.25
0.25
2.625
2.375
0.625
0.0
0.125
0.25
2.25
2.875
0.25
0.25
0.25
0.0
2.875
2.5
4.625
3.625
0.875
7.75
4.375
0.125
3.75
5.125
3.875
1.75
4.625
1.5
2.0
1.625
1.75
1.375
1.25
5.125
2.125
2.625
6.0
5.875
3.5
5.75
4.375
3.875
4.0
8.0
3.375
0.25
0.125
0.125
0.125
2.5
2.75
0.375
0.125
0.0
0.125
2.625
2.75
0.25
0.25
0.125
0.125
2.875
2.125
4.0
0.375
3.625
5.25
4.375
1.375
3.625
4.375
3.75
3.375
3.875
1.75
2.375
1.625
0.75
2.625
1.5
4.5
2.25
0.875
4.0
4.75
3.25
6.125
3.875
3.25
4.5
6.75
3.75
0.125
0.25
0.0
0.25
2.5
2.75
0.25
0.25
0.25
0.125
2.375
3.0
0.25
0.125
0.25
1.5
1.125
