194.0
192.0
194.0
194.0
195.0
196.0
196.0
197.0
196.0
196.0
196.0
203.0
202.0
203.0
205.0
194.0
185.0
184.0
185.0
185.0
187.0
224.0
226.0
223.0
222.0
222.0
221.0
222.0
223.0
223.0
222.0
243.0
243.0
243.0
243.0
243.0
265.0
288.0
288.0
288.0
288.0
290.0
288.0
310.0
310.0
310.0
294.0
286.0
283.0
286.0
286.0
287.0
286.0
287.0
265.0
266.0
267.0
267.0
249.0
247.0
248.0
249.0
248.0
226.0
227.0
225.0
226.0
226.0
233.0
233.0
232.0
232.0
232.0
232.0
232.0
233.0
234.0
233.0
255.0
254.0
254.0
254.0
254.0
276.0
298.0
298.0
298.0
298.0
298.0
320.0
342.0
341.0
341.0
341.0
315.0
314.0
317.0
316.0
317.0
293.0
294.0
274.0
273.0
274.0
274.0
275.0
255.0
255.0
254.0
254.0
235.0
233.0
232.0
233.0
233.0
234.0
239.0
238.0
238.0
238.0
239.0
239.0
239.0
240.0
239.0
239.0
260.0
260.0
260.0
260.0
283.0
304.0
303.0
303.0
303.0
303.0
303.0
304.0
304.0
303.0
303.0
278.0
288.0
290.0
289.0
288.0
289.0
290.0
290.0
290.0
290.0
291.0
281.0
261.0
262.0
261.0
263.0
261.0
240.0
238.0
239.0
240.0
240.0
245.0
246.0
245.0
246.0
245.0
245.0
244.0
245.0
247.0
269.0
267.0
267.0
267.0
267.0
290.0
311.0
311.0
311.0
311.0
311.0
332.0
354.0
353.0
353.0
353.0
354.0
336.0
336.0
337.0
338.0
337.0
327.0
308.0
308.0
308.0
311.0
266.0
268.0
267.0
269.0
267.0
246.0
246.0
245.0
245.0
246.0
253.0
253.0
251.0
252.0
252.0
252.0
252.0
253.0
253.0
253.0
275.0
274.0
274.0
274.0
285.0
296.0
317.0
317.0
317.0
317.0
317.0
337.0
337.0
337.0
337.0
311.0
334.0
336.0
333.0
333.0
324.0
326.0
325.0
305.0
305.0
305.0
305.0
262.0
261.0
260.0
260.0
261.0
239.0
239.0
240.0
240.0
238.0
246.0
247.0
247.0
246.0
247.0
247.0
246.0
247.0
246.0
246.0
267.0
267.0
267.0
267.0
290.0
313.0
310.0
310.0
310.0
310.0
333.0
354.0
353.0
353.0
353.0
327.0
327.0
329.0
329.0
328.0
316.0
284.0
284.0
285.0
284.0
285.0
284.0
264.0
265.0
265.0
264.0
253.0
242.0
241.0
242.0
243.0
250.0
248.0
249.0
252.0
250.0
249.0
250.0
249.0
249.0
250.0
271.0
269.0
269.0
269.0
269.0
293.0
314.0
312.0
312.0
312.0
312.0
313.0
314.0
312.0
312.0
312.0
286.0
286.0
288.0
287.0
287.0
287.0
287.0
287.0
287.0
287.0
287.0
288.0
268.0
271.0
267.0
267.0
245.0
245.0
246.0
246.0
246.0
246.0
251.0
253.0
253.0
253.0
252.0
252.0
251.0
252.0
255.0
255.0
273.0
273.0
273.0
273.0
297.0
318.0
316.0
315.0
315.0
315.0
329.0
349.0
348.0
348.0
348.0
348.0
323.0
323.0
322.0
323.0
309.0
309.0
291.0
290.0
290.0
290.0
291.0
270.0
270.0
270.0
271.0
259.0
248.0
248.0
248.0
249.0
255.0
258.0
255.0
254.0
254.0
255.0
255.0
255.0
256.0
255.0
277.0
276.0
276.0
276.0
276.0
309.0
330.0
329.0
329.0
329.0
329.0
351.0
364.0
363.0
363.0
363.0
337.0
359.0
361.0
361.0
359.0
326.0
326.0
317.0
315.0
315.0
316.0
294.0
273.0
273.0
262.0
264.0
240.0
240.0
241.0
240.0
241.0
249.0
246.0
246.0
247.0
247.0
248.0
248.0
248.0
248.0
248.0
269.0
268.0
268.0
268.0
268.0
292.0
312.0
311.0
311.0
311.0
311.0
312.0
332.0
331.0
331.0
332.0
331.0
