4.575
1.625
2.5
4.25
1.875
6.625
4.0
1.875
2.0
6.375
3.375
2.25
2.625
1.0
1.75
1.375
2.625
1.625
0.5
5.125
7.0
4.5
0.0
7.875
5.625
3.5
4.25
5.75
5.75
5.75
3.125
0.375
0.125
0.125
0.0
2.75
4.0
0.375
0.125
0.125
0.125
2.75
3.75
0.25
0.25
0.125
0.25
2.5
2.75
4.0
1.625
2.125
5.625
3.5
2.375
3.875
1.625
5.875
2.5
3.875
1.375
0.625
1.5
1.5
1.875
1.375
2.25
2.75
2.0
4.25
1.0
6.5
5.875
4.25
2.25
6.375
3.0
6.25
2.5
0.125
0.25
0.0
0.125
2.625
2.875
0.375
0.0
0.125
0.125
2.875
2.75
0.25
0.0
0.375
0.25
2.375
2.125
4.125
0.125
3.875
4.625
3.25
4.125
4.0
0.0
7.125
2.375
1.375
3.125
0.75
1.75
1.625
1.875
1.5
0.25
4.75
2.125
4.25
4.125
8.0
4.625
3.5
4.5
4.875
3.0
7.5
2.75
0.25
0.125
0.375
0.125
2.5
1.625
1.0
0.0
0.375
0.125
2.375
2.0
0.5
0.0
0.25
0.5
2.625
1.875
0.75
3.375
4.375
1.625
5.875
4.125
1.5
2.375
6.125
3.125
0.875
4.0
1.75
1.875
1.75
0.5
1.5
1.5
4.25
1.75
0.5
8.125
6.0
3.25
7.125
6.0
5.25
6.375
5.75
3.0
1.875
0.125
0.375
0.0
1.875
2.5
1.625
0.25
0.25
0.25
1.5
1.5
2.0
0.25
0.125
0.25
2.25
1.25
1.25
4.25
3.75
0.0
7.375
4.5
0.0
4.25
4.625
2.875
2.375
4.125
1.125
1.875
1.375
1.125
1.875
1.375
1.125
4.25
1.375
5.0
2.0
5.375
5.875
2.75
2.75
6.25
4.375
7.75
3.0
0.25
0.125
0.0
0.125
2.625
2.875
0.25
0.0
0.125
0.125
3.0
3.0
0.25
0.25
0.0
0.375
3.0
2.25
2.875
1.625
4.875
1.875
6.375
5.875
7.0
7.875
5.625
2.75
1.875
4.75
1.25
2.5
1.75
0.5
1.5
1.375
4.0
3.0
0.875
4.5
4.75
3.125
7.625
4.0
0.125
7.375
4.875
3.75
3.25
0.125
0.25
0.125
0.875
1.875
2.875
0.25
0.25
0.25
0.75
1.875
2.875
0.25
0.25
0.125
0.875
1.875
2.25
4.25
2.0
2.0
6.375
3.0
2.375
4.625
1.0
7.0
3.5
2.375
2.25
0.375
1.875
1.75
1.75
1.25
0.5
6.25
2.0
4.25
0.125
7.5
5.0
3.0
3.875
5.375
2.75
7.875
2.875
0.125
0.25
0.125
0.125
2.625
2.625
0.25
0.125
0.0
0.25
2.75
2.875
0.125
0.25
0.0
0.5
2.5
2.375
2.875
6.75
6.75
3.375
5.25
4.25
1.25
2.875
5.625
2.875
1.625
4.0
1.5
1.75
1.875
0.375
1.75
1.5
5.0
1.125
0.75
3.875
4.625
3.125
7.125
4.25
0.125
7.375
5.125
2.5
2.75
0.25
0.125
0.25
1.125
1.375
2.75
0.125
0.25
0.25
1.0
1.75
2.875
0.125
0.25
0.25
1.375
1.25
1.875
4.125
5.0
0.125
7.25
5.25
0.0
4.125
5.375
4.125
1.875
5.125
1.625
1.625
1.75
0.375
2.5
1.75
4.375
2.125
0.5
3.5
5.375
3.125
7.125
4.375
0.75
6.875
5.25
2.875
2.625
0.25
0.25
0.125
1.875
0.75
2.75
0.125
0.25
0.25
1.625
0.75
2.875
0.125
0.375
0.25
1.625
1.0
2.125
4.25
4.0
0.125
7.0
4.5
0.125
5.125
5.0
3.5
2.125
4.375
1.25
1.75
1.875
1.0
1.75
1.5
2.875
2.5
1.5
4.5
2.875
4.5
6.125
3.375
2.0
5.875
3.125
6.125
3.25
0.125
0.125
0.125
0.0
3.0
2.875
0.25
0.125
0.0
0.25
2.875
2.875
0.125
0.125
0.0
0.5
2.5
1.0
