186.0
186.0
186.0
185.0
185.0
186.0
186.0
187.0
187.0
188.0
189.0
190.0
192.0
192.0
192.0
192.0
181.0
182.0
182.0
181.0
183.0
222.0
222.0
219.0
220.0
219.0
219.0
219.0
219.0
221.0
220.0
239.0
239.0
239.0
239.0
239.0
263.0
285.0
285.0
285.0
285.0
284.0
298.0
319.0
319.0
319.0
319.0
293.0
294.0
295.0
295.0
295.0
294.0
294.0
274.0
274.0
275.0
278.0
264.0
245.0
245.0
245.0
244.0
222.0
223.0
222.0
223.0
222.0
223.0
228.0
229.0
229.0
229.0
229.0
230.0
229.0
232.0
229.0
229.0
251.0
250.0
250.0
250.0
250.0
273.0
294.0
294.0
294.0
294.0
294.0
316.0
327.0
327.0
327.0
327.0
301.0
300.0
303.0
302.0
302.0
280.0
282.0
270.0
270.0
271.0
270.0
271.0
253.0
252.0
254.0
252.0
251.0
229.0
229.0
230.0
230.0
230.0
237.0
238.0
236.0
237.0
237.0
237.0
237.0
238.0
238.0
238.0
260.0
260.0
259.0
258.0
258.0
282.0
303.0
302.0
302.0
301.0
301.0
325.0
326.0
325.0
325.0
324.0
297.0
333.0
333.0
333.0
332.0
332.0
310.0
311.0
310.0
310.0
310.0
288.0
270.0
269.0
269.0
270.0
257.0
236.0
236.0
235.0
236.0
239.0
245.0
242.0
242.0
242.0
243.0
242.0
244.0
243.0
244.0
245.0
265.0
264.0
264.0
264.0
264.0
288.0
307.0
307.0
306.0
306.0
306.0
331.0
339.0
339.0
339.0
339.0
324.0
315.0
314.0
314.0
314.0
314.0
314.0
316.0
306.0
305.0
306.0
306.0
264.0
264.0
264.0
266.0
264.0
242.0
242.0
241.0
242.0
243.0
241.0
249.0
248.0
249.0
248.0
248.0
249.0
249.0
250.0
249.0
249.0
271.0
270.0
270.0
270.0
270.0
293.0
314.0
314.0
314.0
314.0
314.0
336.0
357.0
356.0
357.0
356.0
331.0
331.0
333.0
331.0
332.0
300.0
288.0
278.0
281.0
279.0
279.0
278.0
259.0
259.0
259.0
260.0
258.0
236.0
236.0
235.0
236.0
237.0
243.0
242.0
242.0
244.0
242.0
242.0
243.0
243.0
244.0
243.0
243.0
263.0
262.0
262.0
263.0
288.0
286.0
306.0
306.0
306.0
306.0
321.0
318.0
338.0
338.0
338.0
338.0
315.0
313.0
313.0
313.0
314.0
281.0
281.0
281.0
281.0
281.0
282.0
281.0
261.0
261.0
262.0
262.0
249.0
239.0
238.0
239.0
239.0
239.0
246.0
246.0
245.0
246.0
245.0
245.0
245.0
246.0
246.0
246.0
267.0
266.0
266.0
265.0
266.0
290.0
310.0
309.0
309.0
309.0
309.0
310.0
330.0
329.0
329.0
329.0
303.0
317.0
317.0
317.0
318.0
317.0
298.0
298.0
298.0
297.0
296.0
285.0
263.0
264.0
265.0
264.0
265.0
242.0
242.0
242.0
241.0
243.0
249.0
248.0
248.0
249.0
248.0
248.0
248.0
247.0
249.0
249.0
249.0
269.0
269.0
269.0
269.0
306.0
304.0
324.0
323.0
323.0
323.0
347.0
347.0
357.0
357.0
357.0
357.0
368.0
354.0
354.0
353.0
353.0
331.0
332.0
321.0
321.0
322.0
321.0
279.0
280.0
279.0
281.0
279.0
257.0
247.0
245.0
247.0
248.0
253.0
253.0
252.0
253.0
253.0
253.0
254.0
253.0
253.0
253.0
253.0
275.0
275.0
273.0
273.0
297.0
297.0
318.0
318.0
317.0
317.0
320.0
317.0
328.0
328.0
327.0
327.0
324.0
323.0
324.0
323.0
325.0
323.0
324.0
314.0
314.0
313.0
315.0
281.0
271.0
272.0
272.0
271.0
249.0
249.0
249.0
239.0
239.0
240.0
245.0
245.0
246.0
246.0
245.0
246.0
245.0
248.0
247.0
246.0
267.0
266.0
266.0
266.0
266.0
289.0
309.0
309.0
309.0
309.0
309.0
333.0
332.0
332.0
331.0
331.0
305.0
306.0
