15.5
16.5
16.375
16.625
16.0
16.0
16.5
15.5
13.375
13.125
13.25
13.25
13.25
13.0
13.375
13.125
13.25
13.375
13.625
13.625
13.125
13.375
13.5
13.25
13.375
13.375
13.125
13.25
13.25
13.25
13.375
13.5
13.375
13.125
13.375
13.25
13.375
13.375
13.375
13.375
13.25
13.25
13.25
13.5
13.25
13.375
13.25
13.375
13.5
13.125
13.375
13.0
13.25
13.375
13.25
13.75
13.5
13.125
13.625
13.375
13.5
13.25
13.375
13.125
13.375
13.0
13.375
13.25
13.375
13.25
13.25
13.625
13.375
13.25
13.375
13.375
13.125
13.5
13.25
13.25
13.5
13.5
13.25
13.5
13.25
13.625
13.75
13.375
13.375
13.75
13.375
13.625
13.5
13.375
13.375
13.625
13.125
13.375
13.375
13.375
13.625
13.125
13.625
13.5
13.125
13.375
13.5
13.5
13.25
13.375
13.375
13.375
13.25
13.125
13.625
13.75
13.375
13.25
13.375
13.25
13.5
13.5
13.125
13.25
13.375
13.75
13.375
13.25
13.625
13.125
13.375
13.5
13.125
13.375
13.25
13.125
13.5
13.625
13.375
13.375
13.125
13.375
13.25
13.5
13.5
13.5
13.375
13.375
13.5
13.5
13.25
13.375
13.5
13.125
13.375
13.625
13.25
13.375
13.375
13.5
13.375
13.5
13.375
13.625
13.5
13.5
13.75
13.375
13.625
13.5
13.5
13.125
6.25
0.0
