2.3
2.8
2.6
2.8
2.5
2.7
2.5
2.7
2.4
2.5
2.3
2.6
2.3
2.5
2.7
2.6
2.3
2.5
2.7
2.4
2.5
2.7
2.5
2.7
2.5
2.7
2.4
2.7
2.5
2.7
2.4
2.6
2.4
2.6
2.4
2.6
2.5
2.7
2.4
2.7
2.5
2.7
2.5
2.6
2.5
2.6
2.4
2.7
2.5
2.7
2.4
2.6
2.4
2.6
2.3
2.5
2.6
2.7
2.5
2.6
2.7
2.4
2.5
2.7
2.4
2.6
2.4
2.6
2.7
2.4
2.5
2.6
2.4
2.5
2.4
2.6
2.4
2.5
2.6
2.4
2.5
2.6
2.4
2.5
2.7
2.5
2.6
2.3
2.4
2.5
2.6
2.4
2.6
2.7
2.4
2.6
2.3
2.5
2.7
2.5
2.6
2.3
2.5
2.7
2.4
2.7
2.5
2.6
2.3
2.4
2.6
2.4
2.6
2.3
2.5
2.7
2.3
2.5
2.7
2.5
2.7
2.5
2.7
2.4
2.5
2.6
2.3
2.5
2.7
2.4
2.5
2.6
2.4
2.7
2.5
2.7
2.4
2.6
2.3
2.5
2.7
2.5
2.7
2.4
2.6
2.3
2.4
2.6
2.3
2.5
2.6
2.3
2.5
2.7
2.4
2.5
2.7
2.4
2.5
2.6
2.4
2.5
2.6
2.7
2.4
2.6
2.7
2.4
2.5
2.6
2.6
2.7
2.4
2.4
