128.0
161.0
150.0
161.0
142.0
150.0
141.0
152.0
138.0
144.0
133.0
148.0
132.0
142.0
153.0
147.0
132.0
144.0
152.0
136.0
144.0
155.0
141.0
151.0
141.0
154.0
138.0
154.0
143.0
152.0
136.0
146.0
136.0
148.0
139.0
150.0
140.0
152.0
138.0
151.0
140.0
156.0
139.0
149.0
139.0
150.0
139.0
153.0
142.0
153.0
139.0
148.0
134.0
145.0
132.0
143.0
148.0
153.0
140.0
148.0
153.0
136.0
144.0
152.0
136.0
149.0
135.0
145.0
155.0
135.0
141.0
150.0
135.0
141.0
135.0
150.0
135.0
142.0
148.0
137.0
142.0
148.0
134.0
142.0
152.0
141.0
149.0
132.0
137.0
145.0
150.0
134.0
145.0
154.0
138.0
146.0
132.0
140.0
151.0
140.0
149.0
133.0
144.0
152.0
137.0
151.0
140.0
149.0
132.0
138.0
145.0
135.0
146.0
133.0
142.0
151.0
133.0
142.0
153.0
142.0
155.0
140.0
153.0
136.0
142.0
149.0
133.0
141.0
152.0
134.0
142.0
150.0
137.0
151.0
140.0
151.0
138.0
147.0
132.0
143.0
154.0
142.0
153.0
139.0
146.0
131.0
138.0
147.0
133.0
140.0
147.0
132.0
143.0
152.0
138.0
145.0
153.0
136.0
142.0
150.0
136.0
143.0
149.0
155.0
138.0
147.0
153.0
134.0
142.0
146.0
149.0
155.0
137.0
138.0
