3.8
3.8
3.8
4.0
4.0
4.0
4.0
4.0
3.9
3.9
3.9
4.0
4.0
4.0
4.0
4.0
4.0
4.0
4.0
4.0
3.9
4.7
4.9
4.9
4.9
4.9
4.9
4.9
4.9
4.9
4.9
5.0
5.0
5.0
5.0
5.1
5.1
5.1
5.1
5.1
5.1
5.0
5.0
5.0
5.0
5.0
5.0
5.0
5.1
5.1
5.2
5.1
5.1
5.1
5.1
5.1
5.1
5.1
5.1
5.1
5.1
5.1
5.1
5.1
5.1
5.1
5.1
5.1
5.1
5.3
4.9
4.9
4.9
5.0
4.9
4.9
4.9
4.9
5.3
5.2
5.2
5.2
5.2
5.2
5.2
5.2
5.2
5.2
5.2
5.2
5.2
5.2
5.2
5.2
5.3
5.3
5.5
5.3
5.3
5.3
5.3
5.3
5.3
5.3
5.3
5.3
5.3
5.3
5.3
5.3
5.3
5.3
5.3
5.3
5.3
4.9
5.1
5.1
5.1
5.1
5.1
5.1
5.1
5.1
5.6
5.5
5.4
5.4
5.4
5.4
5.4
5.4
5.4
5.4
5.4
5.4
5.4
5.4
5.4
5.4
5.4
5.4
5.4
5.6
5.5
5.5
5.5
5.4
5.5
5.5
5.5
5.5
5.5
5.5
5.5
5.5
5.5
5.5
5.5
5.5
5.5
5.5
5.5
5.5
5.2
5.2
5.2
5.2
5.2
5.2
5.2
5.5
5.6
5.6
5.6
5.6
5.6
5.6
5.6
5.6
5.6
5.6
5.6
5.6
5.6
5.6
5.7
5.6
5.6
5.6
5.8
5.7
5.7
5.7
5.7
5.7
5.7
5.7
5.7
5.7
5.7
5.7
5.7
5.7
5.7
5.7
5.7
5.7
5.7
5.7
5.7
5.4
5.4
5.4
5.4
5.4
5.4
5.4
5.8
5.8
5.8
5.8
5.8
5.8
5.8
5.8
5.8
5.8
5.8
5.8
5.8
5.8
5.8
5.8
5.8
5.8
5.8
6.0
5.9
5.9
5.9
5.1
5.1
5.1
5.2
5.1
5.2
5.1
5.1
5.2
5.2
5.2
5.2
5.2
5.2
5.2
5.2
4.8
4.8
4.9
4.9
4.8
4.8
4.8
4.8
5.2
5.2
5.2
5.2
5.4
5.4
5.4
5.4
5.4
5.4
5.5
5.5
5.5
5.5
5.5
5.5
5.5
5.5
5.7
5.5
5.5
5.5
5.5
5.5
5.5
5.3
5.3
5.3
5.3
5.3
5.3
5.3
5.3
5.3
5.4
5.4
5.4
5.4
5.4
5.1
5.1
5.0
5.0
5.0
5.0
5.0
5.0
5.4
5.4
5.4
5.4
5.4
5.4
5.4
5.4
5.4
5.4
5.4
5.4
5.4
5.4
5.4
5.4
5.5
5.5
5.6
5.5
5.5
5.5
5.5
5.5
5.5
5.5
5.5
5.5
5.5
5.5
5.5
5.5
5.5
5.5
5.5
5.5
5.5
5.6
5.5
5.2
5.2
5.2
5.2
5.2
5.2
5.2
5.6
5.6
5.6
5.6
5.6
5.6
5.6
5.6
5.6
5.6
5.6
5.6
5.6
5.6
5.6
5.6
5.6
5.6
5.6
5.8
5.6
5.7
5.7
5.7
5.7
5.7
5.7
5.7
5.7
5.7
5.7
5.7
5.7
5.7
5.7
5.7
5.7
5.7
5.3
5.5
5.5
5.5
5.5
5.5
5.5
5.5
5.5
5.5
5.9
5.7
5.7
5.8
5.9
5.8
5.8
5.8
5.8
5.8
5.8
5.8
5.8
5.8
5.8
5.8
5.8
5.8
5.8
6.0
5.9
5.8
5.8
5.8
5.8
5.8
5.8
5.8
5.8
5.9
5.9
5.9
5.9
5.9
5.9
5.9
5.9
5.9
6.1
5.7
5.7
5.7
5.7
5.7
5.7
5.7
5.7
6.1
6.1
5.9
5.9
5.9
6.0
6.0
6.0
6.0
5.3
5.3
5.3
5.3
5.3
5.3
5.3
