143.0
144.0
144.0
153.0
153.0
152.0
153.0
153.0
153.0
153.0
153.0
153.0
175.0
175.0
176.0
176.0
176.0
176.0
176.0
176.0
176.0
176.0
212.0
212.0
225.0
221.0
221.0
223.0
221.0
221.0
221.0
213.0
216.0
215.0
216.0
213.0
213.0
213.0
246.0
234.0
234.0
234.0
234.0
235.0
259.0
251.0
251.0
251.0
251.0
251.0
251.0
251.0
259.0
259.0
259.0
243.0
243.0
247.0
242.0
243.0
243.0
243.0
243.0
243.0
243.0
243.0
243.0
244.0
243.0
244.0
244.0
244.0
244.0
253.0
253.0
252.0
255.0
253.0
253.0
253.0
254.0
246.0
246.0
246.0
246.0
246.0
271.0
257.0
257.0
257.0
257.0
257.0
257.0
274.0
274.0
274.0
274.0
274.0
274.0
274.0
264.0
264.0
264.0
264.0
247.0
248.0
248.0
248.0
248.0
248.0
248.0
248.0
248.0
248.0
248.0
248.0
249.0
249.0
251.0
249.0
249.0
249.0
262.0
258.0
258.0
258.0
259.0
259.0
259.0
258.0
251.0
250.0
250.0
250.0
250.0
250.0
274.0
262.0
262.0
262.0
262.0
262.0
279.0
279.0
279.0
279.0
279.0
279.0
279.0
269.0
269.0
269.0
269.0
269.0
253.0
253.0
253.0
253.0
253.0
253.0
253.0
253.0
253.0
253.0
254.0
254.0
254.0
254.0
254.0
254.0
263.0
267.0
263.0
263.0
263.0
265.0
264.0
267.0
264.0
264.0
256.0
256.0
256.0
256.0
256.0
279.0
267.0
267.0
267.0
267.0
269.0
267.0
285.0
284.0
284.0
285.0
284.0
285.0
285.0
274.0
274.0
274.0
274.0
258.0
258.0
262.0
258.0
258.0
258.0
258.0
258.0
258.0
259.0
259.0
259.0
259.0
259.0
259.0
259.0
260.0
268.0
270.0
268.0
268.0
269.0
269.0
269.0
269.0
269.0
261.0
261.0
261.0
261.0
261.0
261.0
285.0
272.0
272.0
272.0
272.0
272.0
290.0
290.0
290.0
290.0
290.0
291.0
291.0
280.0
281.0
281.0
281.0
264.0
264.0
264.0
264.0
264.0
264.0
264.0
264.0
264.0
264.0
265.0
265.0
265.0
265.0
266.0
266.0
266.0
266.0
279.0
274.0
275.0
275.0
275.0
275.0
279.0
266.0
267.0
267.0
267.0
267.0
267.0
267.0
291.0
278.0
278.0
278.0
278.0
279.0
298.0
296.0
296.0
296.0
296.0
296.0
296.0
298.0
298.0
296.0
285.0
286.0
269.0
269.0
269.0
270.0
269.0
270.0
269.0
270.0
270.0
270.0
270.0
270.0
270.0
273.0
271.0
272.0
272.0
280.0
280.0
280.0
280.0
280.0
280.0
280.0
280.0
281.0
272.0
272.0
272.0
272.0
272.0
296.0
284.0
284.0
284.0
284.0
284.0
301.0
301.0
301.0
301.0
301.0
301.0
301.0
302.0
302.0
302.0
291.0
274.0
275.0
275.0
274.0
275.0
275.0
275.0
275.0
275.0
275.0
275.0
277.0
275.0
276.0
276.0
276.0
278.0
276.0
285.0
285.0
285.0
285.0
285.0
285.0
285.0
276.0
277.0
277.0
277.0
277.0
277.0
277.0
301.0
289.0
289.0
289.0
289.0
289.0
306.0
306.0
306.0
306.0
306.0
306.0
306.0
298.0
296.0
296.0
296.0
279.0
279.0
280.0
279.0
280.0
280.0
280.0
280.0
280.0
280.0
280.0
280.0
280.0
280.0
281.0
283.0
281.0
281.0
290.0
290.0
290.0
290.0
294.0
294.0
290.0
291.0
283.0
282.0
282.0
282.0
283.0
306.0
294.0
294.0
294.0
294.0
294.0
311.0
311.0
311.0
311.0
311.0
311.0
311.0
312.0
312.0
312.0
301.0
284.0
285.0
285.0
285.0
285.0
285.0
285.0
285.0
285.0
285.0
285.0
286.0
286.0
286.0
286.0
288.0
286.0
286.0
295.0
295.0
295.0
299.0
297.0
295.0
295.0
295.0
288.0
287.0
287.0
287.0
287.0
287.0
311.0
299.0
299.0
299.0
299.0
299.0
318.0
316.0
316.0
316.0
316.0
