185.0
188.0
188.0
188.0
188.0
188.0
188.0
189.0
189.0
189.0
189.0
189.0
189.0
189.0
190.0
190.0
190.0
190.0
190.0
190.0
190.0
191.0
191.0
191.0
191.0
191.0
191.0
191.0
191.0
191.0
192.0
192.0
192.0
192.0
192.0
192.0
192.0
192.0
192.0
192.0
192.0
192.0
192.0
192.0
192.0
192.0
192.0
192.0
192.0
192.0
192.0
192.0
192.0
192.0
192.0
192.0
192.0
192.0
193.0
193.0
193.0
193.0
193.0
193.0
193.0
193.0
193.0
193.0
193.0
193.0
193.0
193.0
193.0
193.0
193.0
193.0
193.0
193.0
193.0
193.0
193.0
193.0
193.0
193.0
193.0
193.0
193.0
193.0
193.0
193.0
193.0
193.0
193.0
193.0
193.0
193.0
193.0
193.0
193.0
193.0
193.0
193.0
193.0
193.0
193.0
193.0
193.0
193.0
193.0
193.0
193.0
193.0
193.0
193.0
193.0
193.0
193.0
193.0
193.0
193.0
193.0
193.0
193.0
193.0
193.0
193.0
193.0
193.0
193.0
193.0
193.0
193.0
193.0
193.0
193.0
193.0
193.0
193.0
193.0
193.0
193.0
193.0
193.0
193.0
193.0
193.0
193.0
193.0
193.0
193.0
193.0
193.0
193.0
193.0
193.0
193.0
193.0
193.0
193.0
193.0
193.0
193.0
193.0
193.0
193.0
193.0
193.0
193.0
193.0
193.0
193.0
193.0
193.0
193.0
193.0
193.0
193.0
193.0
193.0
193.0
193.0
193.0
193.0
193.0
193.0
193.0
193.0
193.0
193.0
193.0
193.0
193.0
193.0
193.0
193.0
193.0
193.0
193.0
193.0
193.0
193.0
193.0
193.0
193.0
193.0
193.0
193.0
193.0
193.0
193.0
193.0
193.0
193.0
193.0
193.0
193.0
193.0
193.0
193.0
193.0
193.0
193.0
193.0
