2.9125
2.0
2.5
4.25
1.0
8.0
4.75
1.375
2.25
6.25
4.0
1.0
4.125
1.25
2.0
1.625
1.75
1.5
0.25
5.375
5.875
4.75
2.25
5.875
5.75
4.25
1.25
6.625
5.375
3.625
4.25
0.125
0.25
0.25
1.75
2.0
2.0
0.25
0.375
0.125
3.0
2.0
0.875
0.0
0.125
0.5
2.625
2.125
0.125
3.875
4.0
1.625
5.875
7.0
7.375
4.25
7.0
3.0
1.125
2.75
1.125
1.75
2.25
1.625
1.5
0.375
4.375
2.125
4.875
0.25
7.0
5.625
3.75
2.125
6.5
5.0
3.875
3.0
0.25
0.125
0.25
1.5
1.75
3.0
0.125
0.25
0.25
2.75
1.5
1.25
0.125
0.125
0.5
2.625
1.875
0.0
4.125
4.0
0.125
7.375
5.125
5.875
7.875
6.0
2.625
2.0
4.0
1.5
1.875
2.0
0.75
1.625
1.625
5.0
2.25
0.5
3.75
6.125
4.875
5.0
4.5
4.0
4.0
8.25
3.125
0.375
0.0
0.125
0.125
3.625
3.125
0.375
0.125
0.0
0.125
2.625
2.625
0.375
0.125
0.0
0.375
2.625
2.375
4.375
1.0
2.625
6.125
4.625
1.25
4.375
4.375
3.5
2.125
4.25
1.375
1.625
1.25
1.0
1.75
1.375
4.25
1.375
1.125
8.25
5.375
3.25
7.75
4.625
0.125
7.125
5.25
3.25
3.25
0.125
0.25
0.25
3.125
1.0
1.75
0.0
0.25
0.25
2.75
2.875
0.25
0.0
0.125
0.625
2.5
2.375
0.375
3.375
4.25
0.25
6.875
4.375
1.5
2.25
6.25
2.875
0.625
3.5
1.5
1.75
2.125
0.5
1.5
1.5
5.0
2.0
3.75
0.375
7.75
5.125
3.5
4.0
5.0
2.75
7.5
2.625
0.25
0.25
0.0
0.125
2.75
3.0
0.25
0.25
0.25
0.0
2.625
2.625
0.25
0.25
0.25
0.25
2.25
2.25
3.875
3.0
1.125
6.5
4.875
0.0
4.25
4.75
3.25
2.0
4.125
1.25
2.0
2.0
0.625
1.625
1.5
4.875
2.0
1.875
2.25
5.625
4.125
6.0
4.375
2.375
5.375
6.5
3.5
1.125
0.0
0.25
0.125
2.75
2.875
0.125
0.0
0.25
0.125
2.75
2.875
0.125
0.375
0.125
0.25
2.5
2.25
4.125
1.625
2.375
6.125
4.375
1.25
4.375
4.25
3.875
2.25
3.875
1.125
1.875
1.5
0.625
1.875
1.5
4.0
1.75
0.75
4.0
5.375
2.25
7.875
4.25
0.875
7.5
6.0
2.125
3.0
0.125
0.25
0.25
1.25
1.25
3.625
0.25
0.125
0.125
2.0
0.625
2.75
0.25
0.125
0.375
2.75
2.25
1.75
7.625
7.0
4.5
5.375
4.25
1.75
2.125
6.25
3.375
0.25
3.75
1.25
2.0
1.875
2.0
1.375
0.375
4.625
1.75
4.375
0.25
7.125
5.75
3.5
2.625
6.625
5.0
4.5
3.125
0.125
0.375
0.125
0.875
1.75
2.625
0.25
0.125
0.25
1.5
1.25
2.625
0.125
0.125
0.375
2.125
0.75
2.0
8.25
7.875
3.125
7.625
5.125
6.25
7.875
5.375
3.25
2.5
4.625
1.25
1.75
2.25
0.5
1.625
1.375
4.75
3.0
0.75
3.75
5.0
4.0
6.625
4.25
2.75
4.875
5.625
3.375
1.0
0.125
0.25
0.125
2.75
2.0
0.875
0.125
0.125
0.25
2.875
1.25
1.25
0.125
0.25
0.5
2.75
2.25
0.25
3.5
4.375
0.0
7.125
4.5
1.125
3.0
6.125
3.875
1.0
3.25
1.25
1.75
1.625
2.125
1.125
0.875
5.0
2.5
3.875
0.375
7.625
4.625
3.75
4.25
4.5
3.375
7.875
2.75
0.375
0.0
0.125
0.25
2.625
3.0
0.25
0.0
0.125
0.125
2.5
2.625
0.25
0.125
0.125
0.25
2.75
0.375
