188.0
186.0
189.0
187.0
188.0
188.0
189.0
190.0
191.0
190.0
190.0
194.0
193.0
193.0
195.0
194.0
184.0
184.0
185.0
186.0
187.0
222.0
225.0
225.0
222.0
221.0
221.0
221.0
222.0
221.0
221.0
243.0
243.0
243.0
243.0
269.0
288.0
288.0
289.0
289.0
289.0
312.0
323.0
322.0
322.0
322.0
296.0
308.0
311.0
310.0
309.0
310.0
288.0
287.0
277.0
279.0
279.0
267.0
248.0
248.0
248.0
247.0
248.0
224.0
226.0
224.0
224.0
225.0
232.0
231.0
230.0
231.0
233.0
233.0
230.0
233.0
231.0
231.0
252.0
252.0
252.0
252.0
277.0
277.0
296.0
296.0
296.0
296.0
321.0
332.0
329.0
329.0
330.0
304.0
339.0
339.0
338.0
339.0
339.0
316.0
317.0
307.0
308.0
308.0
285.0
265.0
265.0
266.0
266.0
254.0
232.0
232.0
232.0
232.0
233.0
239.0
239.0
237.0
239.0
239.0
238.0
240.0
241.0
239.0
240.0
262.0
259.0
259.0
259.0
259.0
284.0
305.0
303.0
302.0
302.0
302.0
326.0
337.0
335.0
335.0
335.0
309.0
320.0
320.0
321.0
322.0
311.0
311.0
303.0
301.0
303.0
303.0
271.0
261.0
261.0
261.0
264.0
239.0
238.0
239.0
238.0
239.0
246.0
245.0
245.0
244.0
244.0
246.0
247.0
245.0
246.0
246.0
245.0
267.0
267.0
267.0
267.0
278.0
298.0
298.0
298.0
298.0
298.0
311.0
332.0
331.0
330.0
331.0
304.0
304.0
306.0
304.0
304.0
306.0
305.0
305.0
285.0
286.0
286.0
286.0
267.0
267.0
267.0
268.0
267.0
245.0
245.0
244.0
245.0
246.0
252.0
253.0
251.0
252.0
251.0
251.0
252.0
253.0
253.0
253.0
274.0
273.0
273.0
273.0
271.0
295.0
316.0
316.0
316.0
315.0
315.0
338.0
339.0
339.0
339.0
338.0
312.0
312.0
313.0
313.0
313.0
313.0
314.0
316.0
314.0
304.0
305.0
273.0
262.0
262.0
262.0
263.0
239.0
239.0
240.0
239.0
240.0
246.0
245.0
245.0
248.0
246.0
246.0
246.0
248.0
247.0
248.0
267.0
267.0
267.0
267.0
267.0
290.0
311.0
310.0
310.0
310.0
310.0
310.0
331.0
330.0
330.0
330.0
304.0
314.0
316.0
316.0
314.0
314.0
315.0
294.0
294.0
294.0
295.0
275.0
264.0
265.0
263.0
265.0
253.0
242.0
242.0
243.0
245.0
250.0
249.0
250.0
249.0
249.0
250.0
250.0
250.0
249.0
250.0
249.0
269.0
269.0
269.0
269.0
293.0
292.0
312.0
312.0
312.0
312.0
324.0
323.0
343.0
343.0
343.0
317.0
319.0
318.0
318.0
319.0
319.0
298.0
298.0
299.0
299.0
298.0
298.0
269.0
269.0
268.0
269.0
268.0
246.0
245.0
246.0
246.0
246.0
253.0
252.0
252.0
253.0
252.0
253.0
251.0
252.0
252.0
252.0
273.0
273.0
273.0
273.0
297.0
295.0
316.0
316.0
316.0
316.0
330.0
327.0
348.0
348.0
348.0
333.0
322.0
321.0
323.0
323.0
322.0
302.0
303.0
303.0
304.0
302.0
291.0
270.0
270.0
270.0
272.0
271.0
248.0
248.0
247.0
248.0
249.0
255.0
254.0
255.0
254.0
255.0
254.0
255.0
254.0
255.0
254.0
278.0
276.0
276.0
276.0
276.0
299.0
320.0
319.0
319.0
319.0
319.0
342.0
352.0
351.0
351.0
351.0
325.0
347.0
348.0
348.0
346.0
348.0
325.0
324.0
314.0
315.0
314.0
305.0
273.0
275.0
273.0
272.0
273.0
251.0
252.0
252.0
250.0
251.0
258.0
260.0
257.0
247.0
248.0
246.0
247.0
247.0
247.0
247.0
268.0
268.0
267.0
267.0
267.0
292.0
311.0
310.0
310.0
311.0
310.0
312.0
311.0
311.0
310.0
310.0
284.0
296.0
