2.4
2.5
2.5
2.6
2.6
2.6
2.6
2.6
2.6
2.6
2.6
3.0
3.0
3.0
3.0
3.0
3.0
3.0
3.0
3.0
3.0
3.7
3.7
3.7
3.8
3.8
3.8
3.9
3.9
3.8
3.9
3.7
3.7
3.7
3.7
3.7
3.7
3.7
4.3
4.1
4.1
4.1
4.1
4.1
4.5
4.4
4.4
4.4
4.4
4.4
4.4
4.4
4.6
4.6
4.6
4.3
4.3
4.3
4.3
4.3
4.3
4.3
4.3
4.3
4.3
4.3
4.3
4.3
4.3
4.3
4.3
4.3
4.3
4.5
4.4
4.5
4.5
4.5
4.5
4.5
4.5
4.3
4.3
4.3
4.3
4.3
4.3
4.8
4.5
4.5
4.5
4.5
4.5
4.8
4.8
4.8
4.8
4.8
4.8
4.8
4.8
4.9
4.9
4.7
4.5
4.4
4.4
4.4
4.4
4.4
4.4
4.4
4.4
4.4
4.4
4.4
4.4
4.4
4.4
4.4
4.4
4.4
4.6
4.6
4.6
4.6
4.6
4.6
4.6
4.6
4.4
4.4
4.4
4.4
4.4
4.4
4.8
4.6
4.6
4.6
4.6
4.6
4.9
4.9
4.9
4.9
4.9
4.9
4.9
4.7
4.7
4.7
4.7
4.8
4.5
4.5
4.5
4.5
4.5
4.5
4.5
4.5
4.5
4.5
4.5
4.5
4.5
4.5
4.5
4.5
4.5
4.6
4.6
4.6
4.6
4.6
4.7
4.7
4.5
4.5
4.5
4.5
4.5
4.5
4.5
4.9
4.7
4.7
4.7
4.7
4.7
5.0
5.0
5.0
5.0
5.0
5.0
5.0
5.0
5.1
5.0
4.8
4.8
4.5
4.5
4.5
4.5
4.5
4.6
4.5
4.6
4.6
4.6
4.6
4.6
4.6
4.6
4.6
4.6
4.6
4.8
4.7
4.8
4.7
4.7
4.7
4.7
4.7
4.6
4.6
4.6
4.6
4.6
4.6
5.0
4.8
4.8
4.8
4.8
4.8
4.8
5.1
5.1
5.1
5.1
5.1
5.1
5.1
4.9
4.9
4.9
4.9
4.6
4.6
4.7
4.6
4.6
4.6
4.6
4.6
4.6
4.6
4.7
4.7
4.7
4.7
4.7
4.7
4.7
4.7
4.8
4.8
4.8
4.8
4.8
4.8
4.8
4.7
4.7
4.7
4.7
4.7
4.7
4.7
5.1
4.9
4.9
4.9
4.9
4.9
5.2
5.2
5.2
5.2
5.2
5.2
5.2
5.2
5.1
5.0
5.0
5.0
4.7
4.7
4.7
4.7
4.7
4.7
4.7
4.7
4.7
4.7
4.8
4.7
4.7
4.8
4.8
4.8
4.8
4.8
4.9
4.9
4.9
4.9
4.9
4.9
4.9
4.8
4.8
4.8
4.8
4.8
4.8
4.8
5.2
5.0
5.0
5.0
5.0
5.0
5.3
5.3
5.3
5.3
5.3
5.3
5.3
5.3
5.3
5.3
5.1
5.1
4.9
4.8
4.8
4.8
4.8
4.8
4.8
4.8
4.8
4.8
4.8
4.8
4.8
4.8
4.8
4.9
4.9
4.9
5.0
5.0
5.0
5.0
5.0
5.0
5.0
4.9
4.9
4.9
4.9
4.9
4.9
4.9
5.1
5.1
5.1
5.1
5.1
5.1
5.4
5.4
5.4
5.4
5.4
5.4
5.4
5.2
5.2
5.3
5.2
5.1
4.9
4.9
4.9
4.9
4.9
4.9
4.9
4.9
4.9
4.9
4.9
4.9
4.9
5.0
4.9
5.0
5.2
5.1
5.1
5.1
5.1
5.1
5.1
5.1
5.1
5.0
5.0
5.0
5.0
5.0
5.0
5.0
5.4
5.2
5.2
5.2
5.2
5.2
5.5
5.5
5.5
5.5
5.5
5.5
5.5
5.5
5.5
5.6
5.3
5.3
5.0
5.0
5.0
5.0
5.0
5.0
5.0
5.0
5.0
5.0
5.0
5.0
5.0
5.0
5.0
5.0
5.1
5.2
5.2
5.2
5.2
5.2
5.2
5.2
5.0
5.1
5.1
5.1
5.1
5.1
5.1
5.5
5.3
5.3
5.3
5.3
5.3
5.3
5.6
5.6
5.6
5.6
5.6
