139.0
140.0
140.0
148.0
149.0
148.0
148.0
149.0
149.0
148.0
149.0
170.0
171.0
170.0
171.0
171.0
171.0
171.0
171.0
171.0
172.0
210.0
208.0
208.0
217.0
217.0
217.0
221.0
217.0
217.0
217.0
209.0
212.0
211.0
211.0
209.0
209.0
209.0
243.0
231.0
231.0
231.0
231.0
231.0
256.0
248.0
248.0
248.0
248.0
248.0
248.0
248.0
257.0
257.0
257.0
240.0
241.0
241.0
241.0
241.0
241.0
241.0
241.0
241.0
241.0
241.0
241.0
241.0
241.0
242.0
242.0
242.0
242.0
251.0
251.0
251.0
251.0
251.0
251.0
251.0
251.0
244.0
244.0
244.0
244.0
244.0
244.0
268.0
255.0
255.0
255.0
255.0
255.0
272.0
272.0
272.0
272.0
272.0
273.0
273.0
273.0
277.0
273.0
262.0
254.0
246.0
246.0
246.0
246.0
246.0
246.0
246.0
246.0
246.0
247.0
247.0
247.0
247.0
247.0
247.0
247.0
248.0
260.0
256.0
256.0
257.0
257.0
257.0
259.0
257.0
249.0
249.0
249.0
249.0
249.0
249.0
272.0
260.0
260.0
260.0
260.0
260.0
278.0
277.0
278.0
277.0
277.0
278.0
278.0
267.0
267.0
267.0
267.0
267.0
251.0
251.0
251.0
251.0
251.0
251.0
251.0
251.0
252.0
252.0
252.0
252.0
252.0
252.0
255.0
254.0
253.0
261.0
261.0
262.0
262.0
262.0
262.0
262.0
253.0
254.0
254.0
254.0
254.0
254.0
254.0
278.0
265.0
265.0
265.0
265.0
265.0
283.0
283.0
283.0
282.0
282.0
283.0
283.0
283.0
285.0
283.0
272.0
273.0
256.0
256.0
256.0
256.0
256.0
256.0
256.0
256.0
257.0
259.0
257.0
257.0
257.0
257.0
257.0
257.0
258.0
271.0
267.0
270.0
266.0
267.0
267.0
266.0
267.0
259.0
258.0
258.0
258.0
258.0
259.0
284.0
270.0
270.0
270.0
270.0
270.0
270.0
288.0
288.0
288.0
288.0
288.0
288.0
288.0
278.0
278.0
278.0
278.0
261.0
261.0
265.0
261.0
261.0
262.0
262.0
262.0
262.0
262.0
262.0
262.0
262.0
262.0
262.0
263.0
263.0
263.0
272.0
272.0
272.0
272.0
272.0
272.0
272.0
263.0
264.0
264.0
264.0
264.0
264.0
264.0
287.0
275.0
275.0
275.0
275.0
276.0
293.0
293.0
293.0
293.0
293.0
293.0
293.0
293.0
284.0
283.0
283.0
283.0
266.0
266.0
267.0
266.0
267.0
267.0
267.0
267.0
267.0
267.0
267.0
267.0
267.0
268.0
268.0
268.0
268.0
268.0
277.0
277.0
277.0
277.0
277.0
277.0
278.0
269.0
270.0
269.0
269.0
269.0
269.0
269.0
293.0
281.0
281.0
281.0
281.0
281.0
298.0
298.0
298.0
298.0
298.0
298.0
298.0
299.0
299.0
299.0
288.0
288.0
274.0
272.0
272.0
272.0
272.0
272.0
272.0
272.0
272.0
272.0
272.0
273.0
273.0
273.0
273.0
275.0
273.0
273.0
282.0
282.0
282.0
282.0
282.0
282.0
282.0
274.0
274.0
274.0
274.0
274.0
275.0
274.0
286.0
286.0
286.0
286.0
286.0
286.0
303.0
303.0
303.0
303.0
303.0
303.0
303.0
293.0
293.0
297.0
293.0
285.0
276.0
276.0
277.0
277.0
276.0
277.0
277.0
277.0
277.0
277.0
277.0
277.0
278.0
279.0
278.0
280.0
291.0
287.0
287.0
287.0
287.0
289.0
287.0
287.0
287.0
280.0
280.0
279.0
279.0
279.0
279.0
279.0
303.0
291.0
291.0
291.0
291.0
291.0
310.0
308.0
308.0
308.0
308.0
308.0
308.0
308.0
309.0
313.0
298.0
298.0
282.0
282.0
282.0
282.0
282.0
282.0
282.0
282.0
282.0
282.0
282.0
283.0
283.0
283.0
283.0
283.0
285.0
292.0
292.0
294.0
292.0
292.0
292.0
294.0
284.0
285.0
285.0
285.0
285.0
285.0
285.0
308.0
296.0
296.0
296.0
296.0
296.0
296.0
314.0
313.0
313.0
313.0
313.0
