15.125
16.125
16.25
15.875
16.5
16.25
16.75
15.5
13.5
13.125
13.125
13.625
13.5
13.375
13.375
13.25
13.25
13.375
13.0
13.5
13.125
13.375
13.375
13.625
12.75
13.375
13.25
13.25
13.25
13.25
13.25
13.375
13.0
13.25
13.75
13.0
13.5
13.375
13.125
13.375
13.0
13.375
13.375
13.625
13.875
13.375
13.125
13.75
13.375
13.125
13.875
13.25
13.125
13.5
13.25
13.5
13.625
13.5
13.0
13.25
13.375
13.125
13.125
13.5
13.25
13.5
13.25
13.375
13.5
13.25
13.5
13.625
13.375
13.625
13.125
13.25
13.625
13.375
13.375
13.625
13.375
13.5
13.5
13.25
13.5
13.375
13.25
12.875
13.875
13.375
13.625
13.75
13.0
13.5
13.375
13.75
13.375
13.5
13.5
13.0
13.25
12.875
13.25
13.125
13.375
13.25
13.5
13.125
13.125
13.125
13.375
13.5
13.125
13.25
12.875
13.875
13.5
13.5
13.25
13.75
13.25
13.25
13.0
13.625
13.375
13.5
13.75
13.25
13.25
13.625
13.125
13.125
13.625
13.375
13.25
13.375
13.25
13.25
13.0
13.375
13.25
13.375
13.25
13.625
13.375
13.375
13.25
13.0
13.625
13.375
13.125
13.125
13.375
13.375
13.625
13.5
13.125
13.5
13.75
13.375
13.125
13.25
13.0
13.25
13.125
13.375
13.5
13.625
13.25
13.0
13.75
13.125
13.5
10.375
0.5
0.0
