126.0
156.0
153.0
143.0
134.0
143.0
157.0
145.0
134.0
146.0
132.0
148.0
134.0
146.0
133.0
147.0
133.0
149.0
137.0
153.0
143.0
154.0
144.0
133.0
141.0
153.0
145.0
132.0
146.0
133.0
145.0
133.0
144.0
133.0
150.0
136.0
146.0
132.0
143.0
152.0
141.0
130.0
144.0
152.0
136.0
142.0
148.0
131.0
137.0
148.0
155.0
135.0
146.0
131.0
137.0
149.0
131.0
137.0
143.0
154.0
132.0
146.0
155.0
140.0
147.0
154.0
137.0
147.0
131.0
138.0
148.0
132.0
138.0
145.0
132.0
140.0
152.0
137.0
147.0
130.0
138.0
148.0
135.0
145.0
132.0
143.0
132.0
142.0
133.0
139.0
149.0
134.0
142.0
132.0
144.0
152.0
138.0
146.0
133.0
139.0
152.0
141.0
152.0
144.0
132.0
144.0
154.0
137.0
149.0
132.0
147.0
134.0
141.0
131.0
143.0
153.0
139.0
147.0
154.0
154.0
131.0
134.0
144.0
131.0
139.0
149.0
134.0
141.0
146.0
133.0
139.0
151.0
140.0
148.0
131.0
139.0
150.0
133.0
142.0
153.0
131.0
138.0
149.0
132.0
136.0
146.0
132.0
141.0
152.0
136.0
145.0
133.0
139.0
150.0
133.0
140.0
145.0
150.0
134.0
141.0
148.0
132.0
142.0
153.0
140.0
149.0
133.0
134.0
139.0
148.0
154.0
133.0
144.0
150.0
135.0
135.0
