14.125
15.125
15.75
15.5
15.875
15.625
15.625
15.875
13.0
12.75
12.75
12.875
12.75
12.875
12.875
12.75
12.75
12.875
12.75
12.875
12.625
12.625
12.625
12.875
12.75
12.75
12.75
12.75
12.75
12.75
12.75
12.625
12.875
12.625
12.875
12.75
12.75
12.625
12.875
12.75
12.625
12.625
12.875
12.625
12.875
12.625
12.75
12.875
12.625
12.875
12.75
12.625
12.75
12.875
12.75
12.625
12.75
12.625
12.875
12.625
12.75
12.75
12.75
12.75
12.625
13.0
12.5
12.875
12.75
12.625
12.875
12.625
12.75
12.75
12.75
12.75
12.625
12.625
12.875
12.625
12.75
12.625
12.75
12.875
12.625
12.875
12.75
12.75
12.75
12.625
12.625
13.0
12.625
12.875
12.625
12.625
12.875
12.625
12.75
12.75
12.875
12.625
12.75
12.75
12.625
12.875
12.75
12.75
12.75
12.75
12.75
12.75
12.75
12.625
12.75
12.625
12.875
12.75
12.75
12.625
12.875
12.625
12.625
12.75
12.875
12.625
12.625
12.75
12.875
12.75
12.5
12.75
12.875
12.75
12.625
12.75
12.75
12.75
12.5
12.875
12.75
12.75
12.625
12.875
12.625
12.875
12.75
12.5
12.875
12.625
12.75
12.75
12.75
12.75
12.75
12.75
12.875
12.625
12.625
12.875
12.625
12.75
12.75
12.75
12.625
12.625
12.875
12.625
12.75
12.875
12.75
12.625
12.75
12.75
12.625
12.875
12.75
12.625
12.625
12.875
12.75
12.75
12.75
12.875
12.625
12.75
12.75
12.625
12.75
12.75
12.625
12.875
12.625
12.75
12.75
12.875
12.625
12.75
12.75
12.625
12.75
12.875
12.625
12.75
12.75
12.75
12.625
12.75
12.75
12.75
12.625
12.75
12.75
12.875
12.625
12.75
12.75
12.875
12.625
12.75
12.625
12.875
12.625
12.75
12.875
12.625
12.75
12.75
12.75
12.875
12.5
12.75
12.875
12.75
12.75
12.625
12.75
12.75
12.75
12.75
12.75
12.75
12.625
12.875
12.625
12.75
12.875
12.625
12.75
12.75
12.875
12.625
12.75
12.75
12.75
12.75
12.625
12.75
12.625
13.0
12.5
12.875
12.75
12.75
12.75
12.75
12.5
13.0
12.625
12.75
12.75
12.625
6.125
0.75
