118.0
125.0
123.0
123.0
123.0
123.0
123.0
123.0
123.0
123.0
123.0
123.0
124.0
124.0
124.0
124.0
124.0
123.0
124.0
124.0
124.0
124.0
124.0
124.0
124.0
124.0
125.0
125.0
125.0
125.0
125.0
125.0
125.0
125.0
125.0
125.0
124.0
124.0
124.0
124.0
124.0
124.0
124.0
124.0
124.0
124.0
124.0
124.0
124.0
124.0
124.0
124.0
125.0
125.0
125.0
125.0
125.0
125.0
125.0
125.0
125.0
125.0
125.0
125.0
125.0
125.0
125.0
125.0
125.0
125.0
125.0
125.0
125.0
125.0
125.0
125.0
125.0
125.0
125.0
125.0
125.0
125.0
125.0
125.0
125.0
125.0
125.0
125.0
125.0
125.0
125.0
125.0
125.0
125.0
125.0
125.0
125.0
126.0
126.0
126.0
126.0
126.0
126.0
126.0
126.0
126.0
126.0
126.0
126.0
126.0
126.0
126.0
126.0
126.0
126.0
126.0
126.0
126.0
126.0
126.0
128.0
128.0
128.0
128.0
128.0
128.0
128.0
128.0
128.0
128.0
128.0
128.0
128.0
128.0
128.0
128.0
128.0
128.0
128.0
128.0
128.0
128.0
128.0
128.0
128.0
128.0
128.0
128.0
128.0
128.0
128.0
128.0
128.0
128.0
128.0
128.0
128.0
128.0
128.0
128.0
128.0
128.0
128.0
128.0
128.0
129.0
129.0
129.0
129.0
129.0
129.0
129.0
129.0
129.0
129.0
129.0
129.0
129.0
129.0
129.0
129.0
129.0
129.0
129.0
129.0
129.0
129.0
129.0
129.0
129.0
129.0
129.0
129.0
129.0
129.0
129.0
129.0
129.0
129.0
129.0
129.0
129.0
129.0
129.0
129.0
129.0
129.0
129.0
129.0
129.0
129.0
129.0
130.0
130.0
130.0
130.0
130.0
130.0
130.0
130.0
130.0
130.0
130.0
130.0
130.0
130.0
130.0
130.0
130.0
130.0
130.0
130.0
130.0
130.0
130.0
130.0
130.0
130.0
130.0
130.0
130.0
130.0
130.0
130.0
130.0
130.0
130.0
130.0
130.0
130.0
130.0
130.0
130.0
130.0
130.0
130.0
130.0
130.0
130.0
130.0
130.0
131.0
131.0
131.0
131.0
131.0
131.0
131.0
131.0
130.0
130.0
131.0
131.0
131.0
131.0
131.0
131.0
131.0
131.0
131.0
131.0
131.0
131.0
131.0
131.0
131.0
131.0
131.0
131.0
131.0
131.0
131.0
131.0
131.0
131.0
131.0
131.0
131.0
131.0
131.0
131.0
131.0
131.0
131.0
131.0
131.0
131.0
133.0
132.0
132.0
132.0
132.0
132.0
132.0
132.0
132.0
132.0
132.0
132.0
132.0
132.0
132.0
134.0
132.0
132.0
132.0
132.0
132.0
132.0
132.0
132.0
132.0
132.0
132.0
132.0
132.0
132.0
134.0
132.0
132.0
132.0
132.0
132.0
132.0
132.0
132.0
132.0
132.0
132.0
132.0
132.0
132.0
132.0
132.0
132.0
133.0
133.0
133.0
133.0
133.0
133.0
133.0
133.0
133.0
133.0
133.0
133.0
133.0
133.0
133.0
133.0
133.0
133.0
133.0
133.0
133.0
133.0
133.0
133.0
133.0
133.0
133.0
133.0
133.0
133.0
133.0
133.0
133.0
133.0
133.0
133.0
133.0
133.0
133.0
133.0
133.0
133.0
133.0
133.0
133.0
133.0
133.0
134.0
134.0
134.0
134.0
134.0
134.0
134.0
134.0
134.0
134.0
134.0
134.0
134.0
134.0
134.0
134.0
134.0
134.0
134.0
134.0
134.0
134.0
134.0
134.0
134.0
134.0
134.0
134.0
134.0
134.0
134.0
134.0
134.0
134.0
134.0
134.0
134.0
134.0
134.0
134.0
134.0
134.0
134.0
134.0
134.0
134.0
135.0
135.0
135.0
135.0
135.0
135.0
135.0
135.0
135.0
135.0
135.0
135.0
135.0
135.0
135.0
135.0
135.0
135.0
135.0
135.0
135.0
135.0
135.0
135.0
135.0
135.0
135.0
135.0
137.0
135.0
135.0
135.0
135.0
135.0
135.0
135.0
135.0
135.0
135.0
135.0
135.0
135.0
135.0
135.0
135.0
135.0
135.0
135.0
137.0
135.0
135.0
135.0
135.0
135.0
135.0
135.0
135.0
135.0
135.0
136.0
136.0
136.0
136.0
136.0
136.0
136.0
136.0
136.0
136.0
136.0
136.0
136.0
136.0
136.0
136.0
136.0
136.0
138.0
136.0
136.0
136.0
136.0
136.0
136.0
136.0
136.0
136.0
136.0
136.0
136.0
136.0
136.0
136.0
136.0
136.0
136.0
136.0
136.0
136.0
136.0
136.0
136.0
136.0
136.0
136.0
136.0
137.0
139.0
137.0
137.0
137.0
137.0
137.0
137.0
137.0
137.0
137.0
137.0
137.0
137.0
137.0
137.0
137.0
137.0
137.0
137.0
137.0
137.0
137.0
137.0
137.0
137.0
137.0
137.0
137.0
137.0
137.0
137.0
137.0
137.0
137.0
137.0
137.0
137.0
137.0
137.0
137.0
137.0
137.0
137.0
137.0
137.0
137.0
