4.6875
1.5
7.5
7.75
5.875
5.125
4.0
3.625
0.25
7.0
4.125
1.875
4.125
0.25
2.0
1.5
1.75
1.75
1.75
3.125
7.125
4.25
2.375
5.25
5.375
2.875
3.25
5.375
3.5
6.375
3.5
0.125
0.25
0.0
0.125
3.125
2.875
0.25
0.25
0.25
0.0
3.0
3.0
0.25
0.25
0.125
0.125
2.875
2.375
4.125
0.0
4.125
4.875
3.375
8.25
6.875
3.875
6.125
2.5
3.625
1.625
0.375
1.5
1.75
2.0
1.5
0.625
4.25
2.0
4.875
0.0
7.875
5.0
3.125
4.375
4.625
3.375
7.875
3.25
0.25
0.0
0.25
0.125
3.375
2.75
0.375
0.0
0.125
0.125
2.625
2.0
0.75
0.125
0.25
0.375
2.375
1.875
0.25
4.125
4.125
0.25
7.375
4.375
0.0
3.75
5.625
2.625
2.375
3.875
1.5
1.875
1.875
0.625
1.75
1.625
4.5
2.125
2.0
2.625
6.375
5.125
4.0
7.75
6.125
3.375
7.75
3.25
0.25
0.125
0.0
0.25
2.625
2.75
0.375
0.125
0.125
0.125
3.625
3.0
0.25
0.125
0.0
0.375
2.875
2.25
4.375
0.0
4.25
4.75
3.125
8.0
7.625
3.25
7.875
2.375
2.5
2.125
1.0
1.625
1.625
1.875
1.625
0.375
4.625
2.125
5.25
0.0
7.625
5.0
3.375
4.25
5.75
2.375
7.625
3.0
0.125
0.0
0.25
0.125
3.25
2.5
0.375
0.0
0.125
0.125
2.75
3.25
0.875
0.125
0.125
0.375
2.875
2.375
1.625
2.125
4.5
0.75
7.5
4.125
1.25
2.75
6.25
2.375
1.375
3.875
1.75
1.625
2.125
0.625
1.5
1.125
4.75
1.875
1.25
3.375
6.125
4.125
6.125
4.625
3.75
4.0
7.0
3.0
0.625
0.125
0.125
0.125
3.0
1.5
1.25
0.25
0.25
0.0
3.0
1.5
0.875
0.125
0.25
0.375
3.125
2.375
3.875
0.5
4.25
4.625
3.375
3.875
4.375
0.0
8.0
2.25
1.75
2.75
0.75
1.625
1.5
1.75
1.5
0.5
5.0
1.875
4.375
5.5
7.625
5.0
3.5
4.25
4.75
3.25
8.375
3.25
0.125
0.0
0.25
0.25
3.25
2.875
0.25
0.0
0.125
0.125
2.75
2.625
0.875
0.25
0.125
0.375
2.625
2.25
4.375
0.125
4.375
4.0
3.375
4.25
4.375
0.0
7.625
2.625
1.375
3.375
0.5
1.75
1.625
1.875
1.625
0.625
4.25
3.25
5.75
3.25
7.125
5.875
4.625
1.75
6.75
5.625
3.75
3.0
0.125
0.125
0.25
0.125
2.375
2.875
0.25
0.25
0.125
1.25
1.25
3.0
0.25
0.125
0.375
1.25
1.0
2.125
4.5
4.375
4.625
7.625
4.25
0.125
3.875
5.125
3.5
1.875
3.5
1.375
1.625
2.25
0.375
1.625
1.5
4.5
2.125
0.125
3.25
4.5
3.0
6.625
3.625
0.0
7.125
5.25
3.5
1.75
0.125
0.125
0.25
2.75
1.75
1.125
0.125
0.125
0.25
2.875
2.25
0.875
0.0
0.125
0.625
2.5
2.25
1.0
2.75
3.625
0.125
7.0
3.5
0.0
3.5
4.75
3.125
2.625
4.5
1.5
1.875
1.75
0.625
1.875
1.5
2.875
2.75
1.875
4.125
3.625
3.75
7.375
4.5
0.0
7.25
4.625
3.375
2.75
0.25
0.25
0.25
1.0
1.375
3.125
0.25
0.125
0.25
1.625
0.875
2.625
0.375
0.25
0.375
1.875
0.5
2.25
4.125
3.875
0.125
7.25
4.0
0.0
4.25
4.5
3.375
2.0
3.875
1.5
1.75
1.0
1.375
1.75
1.5
3.0
1.5
1.875
4.25
4.0
3.5
7.5
4.25
0.0
7.375
4.75
3.25
3.125
0.25
0.125
0.25
0.125
2.875
2.875
0.25
0.25
0.125
0.0
2.625
3.0
0.25
0.125
0.25
0.25
3.0
