185.0
185.0
185.0
186.0
189.0
192.0
189.0
188.0
190.0
190.0
191.0
192.0
194.0
195.0
195.0
185.0
184.0
185.0
185.0
185.0
186.0
220.0
224.0
221.0
221.0
221.0
222.0
220.0
222.0
222.0
221.0
242.0
242.0
242.0
242.0
242.0
266.0
289.0
288.0
288.0
288.0
288.0
311.0
323.0
323.0
323.0
323.0
297.0
319.0
323.0
323.0
322.0
298.0
298.0
289.0
290.0
290.0
268.0
269.0
249.0
250.0
249.0
249.0
249.0
225.0
226.0
225.0
225.0
226.0
233.0
233.0
232.0
232.0
232.0
232.0
232.0
232.0
232.0
232.0
254.0
253.0
253.0
253.0
253.0
278.0
297.0
297.0
296.0
297.0
297.0
298.0
318.0
317.0
317.0
317.0
292.0
293.0
296.0
293.0
293.0
294.0
274.0
274.0
275.0
274.0
274.0
275.0
255.0
254.0
256.0
253.0
254.0
233.0
232.0
231.0
233.0
232.0
240.0
242.0
237.0
238.0
239.0
238.0
238.0
238.0
238.0
240.0
260.0
259.0
260.0
259.0
259.0
283.0
302.0
302.0
302.0
302.0
302.0
326.0
336.0
335.0
335.0
335.0
309.0
333.0
334.0
333.0
333.0
311.0
313.0
302.0
303.0
304.0
290.0
280.0
262.0
261.0
261.0
261.0
260.0
239.0
238.0
239.0
238.0
239.0
245.0
244.0
243.0
244.0
244.0
244.0
244.0
245.0
244.0
246.0
266.0
265.0
265.0
265.0
265.0
290.0
310.0
309.0
309.0
309.0
309.0
323.0
342.0
342.0
342.0
342.0
316.0
328.0
328.0
327.0
327.0
328.0
308.0
308.0
308.0
308.0
308.0
286.0
267.0
265.0
266.0
266.0
267.0
254.0
244.0
244.0
245.0
244.0
252.0
251.0
251.0
252.0
252.0
252.0
252.0
251.0
253.0
254.0
275.0
273.0
273.0
273.0
273.0
283.0
304.0
303.0
303.0
303.0
303.0
316.0
327.0
326.0
326.0
326.0
300.0
323.0
325.0
323.0
324.0
323.0
323.0
313.0
313.0
305.0
304.0
293.0
263.0
262.0
261.0
262.0
263.0
239.0
239.0
240.0
240.0
239.0
246.0
247.0
245.0
245.0
245.0
245.0
246.0
246.0
245.0
246.0
266.0
265.0
265.0
265.0
265.0
290.0
309.0
308.0
308.0
308.0
308.0
310.0
309.0
309.0
308.0
308.0
282.0
296.0
297.0
296.0
296.0
295.0
296.0
296.0
296.0
297.0
297.0
284.0
266.0
267.0
265.0
265.0
264.0
243.0
242.0
243.0
243.0
243.0
248.0
250.0
248.0
249.0
248.0
248.0
249.0
248.0
248.0
248.0
270.0
269.0
269.0
269.0
269.0
291.0
313.0
312.0
312.0
313.0
336.0
334.0
356.0
355.0
355.0
340.0
329.0
329.0
329.0
329.0
331.0
331.0
321.0
310.0
310.0
310.0
311.0
268.0
267.0
268.0
267.0
268.0
245.0
245.0
245.0
247.0
246.0
256.0
251.0
252.0
253.0
252.0
252.0
253.0
252.0
254.0
254.0
274.0
274.0
274.0
274.0
274.0
298.0
319.0
316.0
316.0
317.0
317.0
352.0
361.0
361.0
361.0
361.0
334.0
348.0
348.0
348.0
346.0
347.0
334.0
333.0
324.0
323.0
324.0
303.0
270.0
270.0
270.0
273.0
269.0
248.0
248.0
248.0
249.0
251.0
249.0
255.0
254.0
255.0
255.0
255.0
256.0
256.0
255.0
255.0
255.0
277.0
276.0
274.0
275.0
298.0
298.0
319.0
319.0
318.0
318.0
321.0
318.0
329.0
329.0
328.0
312.0
314.0
313.0
313.0
313.0
314.0
313.0
314.0
305.0
305.0
304.0
304.0
273.0
274.0
274.0
275.0
276.0
251.0
252.0
251.0
252.0
253.0
251.0
259.0
248.0
248.0
248.0
247.0
248.0
247.0
248.0
248.0
247.0
268.0
268.0
268.0
268.0
268.0
292.0
311.0
310.0
311.0
311.0
311.0
311.0
331.0
331.0
331.0
331.0
305.0
