15.625
16.0
16.375
16.375
15.75
16.375
16.25
15.375
13.5
12.875
12.875
13.0
13.125
14.125
12.875
13.625
13.0
13.625
13.5
13.625
13.125
13.0
13.375
13.625
12.75
13.75
13.375
13.75
13.625
12.75
13.25
13.625
13.0
13.375
13.0
12.875
13.125
13.125
13.5
13.375
13.625
13.375
13.5
13.375
13.625
13.75
13.375
13.375
12.875
13.5
13.0
13.625
13.375
13.625
13.25
13.5
12.875
13.25
13.25
13.5
12.875
13.625
13.125
13.375
13.0
13.375
13.75
13.375
13.25
13.25
13.375
13.125
13.375
13.5
13.5
13.375
13.5
13.375
13.125
13.375
13.375
13.625
13.25
13.375
13.0
13.5
13.5
13.5
13.375
13.75
13.25
13.375
13.625
13.625
13.25
13.625
13.5
13.25
13.5
13.25
13.375
13.125
13.375
13.625
13.25
13.625
13.375
13.375
13.75
13.0
13.125
13.5
13.625
13.125
13.75
13.25
13.0
13.5
13.375
13.5
13.625
13.125
13.625
13.75
13.625
13.375
13.375
13.75
13.25
13.375
13.625
13.75
13.25
13.625
13.375
13.5
13.375
13.625
13.625
13.25
13.125
13.25
13.375
13.25
13.375
13.375
13.625
13.5
13.25
13.375
13.25
13.375
13.625
13.375
13.375
13.0
13.5
13.625
13.0
13.625
13.625
13.0
13.5
13.375
12.75
13.625
13.75
13.75
13.125
13.625
13.375
13.125
13.625
13.0
13.375
1.0
0.0
