124.0
159.0
137.0
137.0
158.0
133.0
139.0
147.0
152.0
131.0
139.0
146.0
154.0
146.0
132.0
147.0
137.0
133.0
140.0
152.0
135.0
138.0
129.0
144.0
131.0
147.0
131.0
144.0
153.0
135.0
142.0
152.0
136.0
147.0
134.0
130.0
142.0
131.0
144.0
151.0
132.0
136.0
142.0
130.0
138.0
147.0
131.0
140.0
130.0
144.0
129.0
140.0
150.0
131.0
139.0
150.0
134.0
160.0
143.0
129.0
137.0
150.0
130.0
145.0
152.0
135.0
144.0
149.0
132.0
142.0
152.0
131.0
145.0
130.0
137.0
142.0
151.0
133.0
134.0
142.0
152.0
131.0
141.0
150.0
135.0
142.0
153.0
133.0
140.0
152.0
134.0
142.0
151.0
133.0
143.0
151.0
133.0
153.0
131.0
139.0
151.0
133.0
138.0
144.0
150.0
131.0
136.0
140.0
149.0
130.0
140.0
150.0
132.0
135.0
143.0
149.0
130.0
139.0
148.0
131.0
138.0
142.0
149.0
131.0
135.0
140.0
148.0
153.0
130.0
134.0
142.0
147.0
151.0
131.0
134.0
133.0
139.0
142.0
147.0
153.0
132.0
141.0
150.0
130.0
133.0
140.0
147.0
151.0
132.0
139.0
144.0
149.0
129.0
131.0
132.0
141.0
153.0
134.0
139.0
145.0
150.0
133.0
142.0
149.0
132.0
142.0
147.0
148.0
151.0
129.0
131.0
138.0
137.0
140.0
146.0
144.0
144.0
