15.875
16.625
16.375
16.0
16.875
16.875
16.0
16.0
13.625
13.625
13.5
13.5
13.125
13.625
13.75
13.625
13.5
13.75
13.5
13.125
13.5
13.625
13.625
13.25
13.75
13.5
13.5
13.5
13.25
13.625
13.5
13.0
13.5
13.5
13.25
13.375
13.375
13.5
13.5
13.375
13.125
13.625
13.25
13.125
13.5
13.375
13.25
13.875
13.5
13.25
13.625
13.5
13.25
13.0
13.625
13.0
13.5
13.375
12.75
13.625
13.25
13.5
13.375
13.25
13.5
13.625
13.375
13.5
13.75
13.125
13.875
13.875
13.0
13.5
13.625
13.125
13.5
13.75
13.5
13.375
13.25
13.25
13.5
13.625
13.125
13.25
13.5
13.5
13.5
13.5
13.75
13.75
13.125
13.25
13.375
13.5
13.75
13.25
13.375
13.25
13.375
13.0
13.625
13.75
13.625
13.5
13.25
13.375
13.375
13.25
13.375
13.375
13.5
13.125
13.375
13.125
13.375
13.5
13.375
13.375
13.5
13.5
13.625
13.25
13.5
13.25
13.375
13.25
13.625
13.5
13.625
13.375
13.0
13.625
13.25
13.5
13.5
13.5
13.75
13.5
13.625
13.5
13.875
13.125
13.25
13.5
13.375
13.25
13.375
13.375
13.375
13.375
13.25
13.5
13.75
13.5
13.5
13.375
13.375
13.125
13.5
13.25
13.375
13.125
13.375
13.375
13.375
13.125
13.375
13.5
13.25
13.125
13.25
13.25
13.5
1.0
0.0
