126.0
161.0
158.0
138.0
155.0
144.0
146.0
133.0
141.0
146.0
155.0
139.0
148.0
151.0
132.0
139.0
147.0
154.0
137.0
146.0
146.0
154.0
138.0
147.0
155.0
142.0
143.0
146.0
137.0
148.0
155.0
138.0
151.0
132.0
141.0
147.0
146.0
148.0
137.0
144.0
143.0
151.0
132.0
140.0
151.0
140.0
147.0
134.0
141.0
148.0
155.0
135.0
142.0
146.0
153.0
136.0
150.0
133.0
142.0
153.0
134.0
142.0
143.0
151.0
155.0
139.0
148.0
136.0
145.0
151.0
133.0
139.0
144.0
130.0
141.0
148.0
150.0
132.0
137.0
144.0
146.0
146.0
149.0
131.0
142.0
148.0
131.0
137.0
143.0
150.0
136.0
139.0
144.0
132.0
145.0
152.0
137.0
145.0
152.0
134.0
142.0
147.0
148.0
154.0
135.0
141.0
147.0
154.0
139.0
149.0
134.0
141.0
151.0
136.0
146.0
134.0
143.0
150.0
135.0
146.0
152.0
151.0
154.0
134.0
144.0
151.0
134.0
142.0
149.0
149.0
155.0
137.0
145.0
153.0
136.0
145.0
152.0
132.0
138.0
143.0
149.0
153.0
136.0
141.0
151.0
132.0
137.0
146.0
150.0
155.0
133.0
137.0
146.0
153.0
137.0
141.0
146.0
152.0
133.0
139.0
148.0
150.0
133.0
139.0
148.0
150.0
155.0
138.0
146.0
152.0
133.0
135.0
140.0
147.0
153.0
144.0
144.0
