139.0
142.0
140.0
149.0
149.0
149.0
148.0
149.0
150.0
150.0
150.0
172.0
172.0
172.0
172.0
173.0
173.0
173.0
173.0
173.0
173.0
208.0
209.0
217.0
217.0
218.0
218.0
218.0
218.0
218.0
218.0
224.0
208.0
208.0
209.0
206.0
206.0
240.0
227.0
227.0
227.0
227.0
227.0
252.0
252.0
252.0
252.0
252.0
252.0
253.0
255.0
261.0
262.0
262.0
245.0
245.0
245.0
245.0
245.0
245.0
245.0
246.0
246.0
246.0
246.0
246.0
246.0
246.0
246.0
247.0
256.0
260.0
255.0
256.0
256.0
256.0
256.0
256.0
258.0
248.0
248.0
248.0
248.0
248.0
248.0
260.0
260.0
260.0
260.0
260.0
260.0
277.0
277.0
277.0
277.0
277.0
276.0
277.0
277.0
281.0
266.0
267.0
250.0
250.0
250.0
250.0
250.0
250.0
250.0
250.0
251.0
251.0
250.0
251.0
251.0
251.0
251.0
251.0
251.0
260.0
260.0
260.0
260.0
261.0
263.0
261.0
252.0
253.0
253.0
253.0
253.0
253.0
253.0
276.0
264.0
264.0
264.0
264.0
264.0
282.0
281.0
281.0
281.0
281.0
281.0
282.0
282.0
282.0
282.0
271.0
254.0
255.0
256.0
256.0
256.0
256.0
256.0
256.0
256.0
256.0
256.0
257.0
257.0
257.0
257.0
259.0
257.0
266.0
266.0
268.0
266.0
266.0
266.0
266.0
266.0
267.0
258.0
259.0
259.0
258.0
259.0
284.0
270.0
270.0
270.0
270.0
270.0
287.0
287.0
287.0
287.0
287.0
287.0
287.0
288.0
288.0
288.0
277.0
277.0
261.0
261.0
261.0
261.0
261.0
261.0
261.0
261.0
261.0
261.0
261.0
261.0
262.0
264.0
262.0
262.0
271.0
271.0
271.0
271.0
271.0
271.0
271.0
271.0
263.0
264.0
263.0
263.0
263.0
264.0
263.0
287.0
275.0
275.0
275.0
275.0
275.0
293.0
292.0
292.0
292.0
292.0
292.0
293.0
293.0
294.0
294.0
283.0
266.0
266.0
266.0
266.0
266.0
267.0
267.0
267.0
266.0
267.0
267.0
267.0
267.0
267.0
267.0
268.0
268.0
276.0
276.0
278.0
279.0
277.0
277.0
277.0
277.0
278.0
269.0
269.0
269.0
269.0
269.0
293.0
280.0
280.0
280.0
280.0
280.0
298.0
298.0
298.0
298.0
297.0
298.0
300.0
287.0
288.0
288.0
288.0
271.0
271.0
272.0
272.0
271.0
271.0
271.0
272.0
272.0
272.0
272.0
272.0
272.0
272.0
272.0
273.0
273.0
282.0
281.0
282.0
282.0
282.0
282.0
286.0
282.0
274.0
274.0
274.0
274.0
274.0
274.0
285.0
285.0
285.0
285.0
287.0
285.0
303.0
303.0
303.0
303.0
302.0
302.0
302.0
302.0
302.0
292.0
284.0
275.0
275.0
275.0
275.0
276.0
276.0
275.0
275.0
276.0
276.0
276.0
276.0
276.0
277.0
277.0
277.0
277.0
286.0
290.0
285.0
286.0
286.0
286.0
286.0
287.0
278.0
278.0
278.0
278.0
278.0
304.0
290.0
290.0
289.0
289.0
290.0
307.0
307.0
307.0
307.0
307.0
307.0
307.0
307.0
308.0
308.0
297.0
280.0
280.0
281.0
280.0
281.0
281.0
281.0
281.0
281.0
281.0
281.0
281.0
281.0
281.0
282.0
282.0
284.0
282.0
291.0
291.0
291.0
291.0
291.0
291.0
291.0
292.0
283.0
283.0
283.0
283.0
284.0
307.0
295.0
295.0
295.0
295.0
295.0
312.0
312.0
312.0
312.0
312.0
312.0
312.0
312.0
313.0
313.0
302.0
294.0
285.0
288.0
285.0
286.0
286.0
286.0
286.0
286.0
286.0
287.0
286.0
287.0
287.0
287.0
287.0
287.0
287.0
300.0
296.0
296.0
297.0
297.0
296.0
301.0
299.0
289.0
289.0
289.0
289.0
289.0
289.0
312.0
300.0
300.0
300.0
300.0
300.0
318.0
317.0
317.0
317.0
317.0
